213|187|219|193
202|192|212|202
206|192|212|198
210|194|210|194
200|194|210|204
198|194|210|206
207|191|213|197
208|190|214|196
207|193|211|197
203|193|211|201
205|193|211|199
206|190|214|198
206|190|214|198
210|192|214|196
207|191|215|199
204|196|210|202
204|192|214|202
201|191|215|205
204|196|208|200
208|190|214|196
202|188|216|202
202|194|210|202
205|189|215|199
208|192|212|196
206|196|208|198
203|191|211|199
204|190|212|198
209|191|211|193
205|191|211|197
193|193|209|209
206|192|212|198
210|192|212|194
202|196|208|202
208|192|212|196
204|192|212|200
199|193|211|205
208|192|214|198
209|195|211|197
207|193|213|199
207|189|217|199
203|195|211|203
208|192|214|198
204|190|216|202
206|192|214|200
209|193|213|197
204|194|212|202
208|192|214|198
203|195|211|203
201|195|211|205
206|194|212|200
207|195|211|199
202|194|212|204
206|186|220|200
208|192|214|198
206|192|214|200
207|191|215|199
205|195|211|201
206|194|212|200
209|193|213|197
212|194|212|194
204|194|212|202
203|193|213|203
205|193|213|201
206|194|212|200
207|189|217|199
205|191|213|199
207|191|213|197
207|189|215|197
199|189|215|205
200|194|210|204
207|195|209|197
204|192|212|200
204|188|216|200
212|190|214|192
205|189|215|199
203|195|209|201
202|198|206|202
206|188|214|196
203|189|213|199
197|189|213|205
206|192|210|196
208|190|212|194
209|191|213|195
205|193|211|199
200|192|212|204
206|192|212|198
202|192|212|202
205|187|217|199
205|189|213|197
206|194|208|196
204|190|212|198
200|190|212|202
206|188|214|196
207|187|215|195
206|192|210|196
206|192|210|196
200|186|216|202
206|190|212|196
203|191|211|199
195|191|211|207
209|189|213|193
206|190|212|196
206|190|212|196
203|191|211|199
201|191|211|201
205|187|215|197
206|192|212|198
204|194|210|200
200|190|214|204
205|191|213|199
206|192|212|198
207|193|211|197
210|190|214|194
209|189|215|195
202|192|214|200
201|193|211|203
210|188|216|194
208|190|214|196
204|190|212|198
207|189|213|195
203|187|215|199
204|190|212|198
205|191|211|197
203|189|213|199
196|188|214|206
199|189|213|203
206|188|214|196
207|189|213|195
202|190|212|200
203|189|211|197
205|191|209|195
205|191|209|195
201|189|211|199
202|188|212|198
203|189|211|197
206|188|212|194
204|188|212|196
195|191|209|205
205|189|211|195
205|185|215|195
202|188|212|198
204|192|210|198
204|188|214|198
210|190|212|192
204|194|208|198
199|187|215|203
202|188|212|198
207|191|209|193
206|188|212|194
203|187|213|197
202|188|212|198
203|189|211|197
206|188|210|192
200|186|212|198
199|187|211|199
198|190|208|200
205|189|209|193
203|187|211|195
202|186|212|196
207|189|209|191
198|188|210|200
199|185|213|199
203|187|211|195
207|191|207|191
205|191|209|195
199|187|213|201
200|188|212|200
204|188|212|196
204|188|212|196
201|187|213|199
204|186|214|196
204|188|212|196
204|192|208|196
205|187|213|195
204|188|212|196
206|190|210|194
200|186|214|200
200|186|214|200
204|188|212|196
204|188|212|196
205|191|209|195
199|189|211|201
198|188|212|202
204|188|212|196
208|186|214|192
201|189|211|199
205|189|211|195
205|187|213|195
201|187|213|199
203|185|215|197
203|189|211|197
201|191|209|199
197|187|213|203
203|185|215|197
204|186|214|196
208|190|210|192
203|191|209|197
200|188|212|200
204|188|212|196
205|189|211|195
199|187|213|201
203|187|213|197
204|186|214|196
204|186|214|196
206|194|206|194
199|189|211|201
205|187|213|195
205|187|213|195
204|186|214|196
201|187|213|199
202|188|212|198
202|192|210|196
202|188|212|198
202|190|210|198
203|187|213|197
204|186|214|196
206|186|212|192
204|186|212|194
202|186|212|196
204|188|210|194
204|192|206|194
203|187|211|195
202|188|210|196
202|186|212|196
203|185|213|195
199|187|211|199
206|186|212|192
202|186|212|196
194|192|208|206
207|189|211|193
203|189|211|197
202|188|212|198
202|184|216|198
206|186|214|194
206|188|212|194
200|188|212|200
199|189|211|201
200|188|212|200
203|187|213|197
204|186|214|196
206|188|212|194
205|189|211|195
202|188|212|198
201|187|213|199
207|187|213|193
211|189|211|189
200|190|210|200
199|181|219|201
208|182|218|192
201|191|209|199
203|187|213|197
202|188|212|198
200|192|208|200
206|192|208|194
206|188|214|192
206|188|212|194
199|185|215|201
197|183|217|203
205|187|213|195
207|189|211|193
201|187|213|199
203|187|213|197
206|188|212|194
207|185|215|193
199|191|209|201
202|190|210|198
206|186|214|194
205|187|213|195
196|188|212|204
197|187|213|203
205|185|215|195
209|185|215|191
200|192|208|200
202|190|210|198
206|188|212|194
204|188|212|196
206|184|216|194
204|186|214|196
199|187|213|201
198|184|216|202
205|185|215|195
204|188|212|196
203|189|211|197
206|186|214|194
206|188|212|194
206|190|210|194
199|185|215|201
196|182|218|204
205|185|215|195
204|188|212|196
208|188|212|192
206|190|210|194
197|189|213|205
200|184|218|202
205|187|215|197
210|192|210|192
207|189|213|195
203|189|213|199
205|187|215|197
205|187|215|197
205|187|215|197
204|188|214|198
204|188|214|198
202|188|214|200
205|191|215|201
202|188|218|204
204|190|216|202
211|189|217|195
207|187|219|199
204|192|214|202
210|190|218|198
211|191|217|197
206|194|214|202
202|186|222|206
205|191|217|203
205|195|213|203
213|189|219|195
215|193|215|193
206|190|218|202
204|188|220|204
205|189|219|203
208|192|216|200
208|192|216|200
205|185|223|203
205|191|217|203
206|190|218|202
209|193|215|199
209|193|215|199
206|184|224|202
207|193|215|201
210|192|216|198
213|191|217|195
205|193|215|203
205|191|217|203
206|188|220|202
206|188|220|202
206|192|216|202
209|189|219|199
207|189|219|201
205|191|217|203
207|191|217|201
207|189|219|201
210|192|216|198
203|193|215|205
203|189|219|205
211|191|217|197
209|189|219|199
213|189|219|195
203|189|219|205
204|190|218|204
211|189|219|197
208|192|216|200
207|193|215|201
210|190|218|198
205|191|217|203
200|188|220|208
211|189|219|197
209|191|217|199
209|189|219|199
212|192|216|196
203|193|215|205
207|189|219|201
211|189|219|197
212|192|216|196
207|193|215|201
205|187|221|203
204|192|216|204
202|192|216|206
209|187|221|199
213|189|219|195
210|190|218|198
207|195|213|201
203|185|223|205
206|186|222|202
207|191|217|201
209|193|215|199
206|190|218|202
205|187|221|203
212|190|218|196
209|191|217|199
207|187|221|201
213|191|217|195
205|193|215|203
202|194|214|206
208|188|220|200
208|186|222|200
205|191|217|203
206|188|220|202
212|188|220|196
206|192|216|202
206|190|218|202
211|187|221|197
209|189|219|199
208|194|214|200
198|198|210|210
210|190|218|198
209|189|219|199
199|191|217|209
204|192|216|204
205|189|221|201
227|175|235|179
215|191|217|193
208|192|216|200
206|194|214|202
210|186|222|198
210|188|220|198
205|189|219|203
206|186|222|202
208|190|218|200
206|192|216|202
210|190|218|198
213|191|217|195
205|187|221|203
201|189|219|207
209|191|217|199
212|188|220|196
202|190|218|206
209|189|219|199
210|190|218|198
205|193|215|203
203|189|219|205
208|190|218|200
207|191|217|201
205|187|221|203
207|187|221|201
210|194|214|198
209|189|223|203
209|189|223|203
210|196|216|202
210|190|222|202
210|190|222|202
206|192|220|206
204|192|216|204
209|189|219|199
212|188|220|196
210|190|218|198
207|191|217|201
209|191|217|199
206|192|216|202
207|189|219|201
209|185|223|199
204|188|220|204
206|190|218|202
208|188|220|200
210|190|218|198
207|189|219|201
204|190|218|204
205|191|217|203
212|188|220|196
212|188|220|196
208|192|216|200
208|192|216|200
205|185|223|203
209|185|223|199
208|190|218|200
205|193|215|203
208|186|222|200
206|188|220|202
209|191|217|199
206|188|220|202
208|188|220|200
210|190|220|200
209|189|221|201
213|193|217|197
207|191|219|203
206|188|222|204
208|188|220|200
205|185|223|203
210|192|216|198
207|193|215|201
203|189|219|205
207|189|219|201
216|190|218|192
211|183|225|197
209|189|219|199
211|195|215|195
206|190|220|200
202|190|218|206
208|188|220|200
210|186|222|198
202|192|216|206
208|190|218|200
208|188|220|200
203|191|217|205
208|192|216|200
214|190|218|194
207|189|219|201
206|186|222|202
211|185|223|197
207|191|217|201
206|188|220|202
208|190|220|198
207|191|217|201
202|186|222|206
212|188|220|196
210|188|220|198
202|186|222|206
208|190|218|200
210|190|218|198
212|190|218|196
204|192|216|204
201|189|219|207
212|190|222|200
209|191|223|201
203|189|223|209
211|189|223|201
213|191|221|199
208|190|220|202
205|189|221|205
215|191|219|195
211|191|219|199
203|187|223|207
207|187|223|203
210|190|218|198
210|190|218|198
207|189|219|201
198|188|220|210
206|186|222|202
209|189|219|199
211|191|217|197
209|185|223|199
209|185|223|199
207|189|219|201
204|190|218|204
212|186|222|196
210|188|220|198
204|190|218|204
202|186|222|206
213|187|221|195
215|191|217|193
205|191|217|203
200|190|218|208
212|186|222|196
212|184|224|196
205|189|219|203
206|192|216|202
210|190|218|198
210|188|220|198
205|187|221|203
205|181|227|203
210|186|222|198
211|193|215|197
210|188|220|198
208|192|216|200
207|189|219|201
205|185|223|203
208|188|220|200
209|187|221|199
205|187|221|203
209|191|217|199
207|191|217|201
206|188|220|202
210|184|224|198
209|187|221|199
207|191|221|205
208|188|224|204
212|188|224|200
209|193|219|203
210|190|222|202
207|189|223|205
211|191|217|197
210|188|220|198
208|186|222|200
214|186|222|194
210|188|220|198
206|190|218|202
207|187|221|201
206|186|222|202
208|192|216|200
205|191|217|203
208|186|222|200
210|184|222|196
205|185|221|201
207|187|219|199
209|189|217|197
206|188|218|200
208|186|220|198
210|184|222|196
208|186|220|198
204|190|216|202
201|187|219|205
204|186|220|202
206|186|220|200
204|186|220|202
205|187|219|201
214|186|220|192
208|186|220|198
207|189|217|199
210|188|218|196
204|186|220|202
204|188|218|202
207|183|223|199
209|181|225|197
207|187|219|199
208|188|218|198
207|187|219|199
204|184|222|202
208|186|220|198
211|189|217|195
207|187|219|199
204|184|222|202
204|190|216|202
204|188|218|202
208|184|222|198
210|180|226|196
203|187|219|203
207|189|217|199
214|188|218|192
207|183|223|199
200|182|224|206
204|186|220|202
206|190|216|200
213|187|219|193
211|185|221|195
204|186|220|202
200|184|222|206
209|189|217|197
209|187|219|197
210|184|222|196
213|185|221|193
204|192|214|202
206|186|220|200
204|186|220|202
204|192|214|202
211|185|221|195
203|181|225|203
205|185|221|201
209|187|219|197
210|184|222|196
208|188|218|198
206|188|218|200
205|183|223|201
206|184|222|200
208|186|220|198
210|186|220|196
206|186|220|200
204|186|220|202
205|187|219|201
208|188|218|198
210|184|222|196
207|185|221|199
210|188|218|196
208|188|218|198
201|187|219|205
206|182|224|200
213|185|221|193
205|185|221|201
203|187|219|203
207|187|219|199
207|187|219|199
207|187|219|199
208|182|224|198
207|185|221|199
209|187|219|197
207|185|221|199
204|184|222|202
205|187|219|201
207|187|219|199
209|187|219|197
211|191|215|195
205|183|223|201
201|183|223|205
206|184|222|200
206|184|222|200
209|189|217|197
212|186|220|194
206|184|222|200
205|181|225|201
204|188|218|202
204|190|216|202
209|185|221|197
215|185|221|191
209|187|219|197
204|186|220|202
205|189|217|201
203|185|221|203
210|178|228|196
213|187|219|193
209|185|221|197
206|182|224|200
204|184|222|202
202|184|222|204
208|186|220|198
215|189|217|191
208|186|220|198
201|183|223|205
203|187|221|201
211|187|219|195
212|184|222|194
205|185|221|201
208|186|220|198
207|185|221|199
205|187|219|201
208|186|220|198
207|187|219|199
205|183|223|201
210|184|222|196
208|188|218|198
205|183|223|201
210|186|220|196
210|186|220|196
204|188|218|202
204|186|220|202
209|183|223|197
215|185|221|191
204|186|220|202
203|187|219|203
208|182|224|198
213|185|221|193
208|186|220|198
205|185|221|201
204|186|220|202
206|182|224|200
211|187|219|195
206|186|220|200
206|182|224|200
212|186|220|194
200|188|218|206
204|186|220|202
211|181|225|195
207|181|225|199
205|187|219|201
206|186|220|200
206|184|222|200
209|183|223|197
208|186|220|198
204|184|222|202
211|183|223|195
214|190|216|192
204|188|218|202
208|184|222|198
207|187|219|199
206|186|220|200
208|180|226|198
205|187|217|199
208|188|216|196
204|180|224|200
206|184|220|198
209|185|219|195
208|182|222|196
206|178|228|200
202|186|220|204
207|185|221|199
209|185|221|197
206|186|220|200
205|183|223|201
205|185|221|201
208|188|218|198
207|181|225|199
209|183|223|197
207|187|219|199
203|185|221|203
208|180|226|198
210|184|222|196
205|187|219|201
204|188|218|202
209|181|225|197
209|183|223|197
208|184|222|198
212|186|220|194
205|187|219|201
207|185|221|199
207|183|223|199
206|180|226|200
206|184|222|200
203|185|221|203
205|187|219|201
209|183|223|197
210|182|224|196
209|185|221|197
207|183|223|199
206|186|220|200
205|187|219|201
205|185|221|201
210|184|222|196
206|182|224|200
202|186|220|204
207|183|223|199
206|188|218|200
212|188|218|194
210|178|228|196
207|179|227|199
207|185|221|199
204|194|212|202
209|185|221|197
205|183|223|201
211|185|221|195
204|182|224|202
199|181|225|207
209|185|221|197
209|183|223|197
214|186|220|192
206|184|222|200
203|181|225|203
206|184|222|200
208|184|222|198
205|187|219|201
206|186|220|200
210|182|224|196
206|180|226|200
208|186|220|198
207|187|219|199
207|185|221|199
208|182|224|198
205|181|225|201
208|186|220|198
207|183|223|199
208|182|224|198
205|187|219|201
203|185|221|203
208|186|222|200
204|186|222|204
211|183|225|197
216|186|222|192
207|187|221|201
211|185|223|197
209|183|223|197
202|182|224|204
204|184|224|200
209|187|221|195
207|185|221|199
207|183|225|197
207|185|221|199
204|184|222|202
212|182|224|194
207|183|223|199
205|185|221|201
208|186|220|198
210|184|222|196
210|182|224|196
210|182|224|196
208|182|224|198
199|185|221|207
206|188|218|200
210|186|220|196
210|186|220|196
210|180|226|196
208|180|226|198
205|185|221|201
205|183|223|201
211|181|225|195
204|184|222|202
207|187|219|199
210|186|220|196
202|180|226|204
206|182|222|198
208|184|220|196
203|183|221|201
208|180|224|196
208|180|224|196
202|180|220|198
202|182|218|198
205|181|219|195
207|179|221|193
206|182|218|194
203|181|219|197
205|179|221|195
207|183|217|193
200|180|220|200
201|181|219|199
207|183|217|193
205|183|217|195
206|182|218|194
201|179|221|199
199|175|225|201
208|178|222|192
209|181|219|191
202|180|220|198
196|180|220|204
205|179|221|195
204|182|218|196
201|183|217|199
202|176|224|198
205|179|221|195
203|181|219|197
204|184|216|196
210|182|218|190
205|181|219|195
205|181|219|195
205|181|219|195
201|177|221|197
206|178|220|192
202|178|220|196
205|177|221|193
205|183|215|193
201|181|217|197
205|177|223|195
205|181|219|195
199|185|215|201
206|178|222|194
203|181|219|197
200|184|218|202
211|181|221|191
207|179|223|195
205|179|223|197
204|182|220|198
207|185|217|195
208|180|220|192
202|178|222|198
196|180|220|204
207|183|217|193
207|181|219|193
205|179|221|195
210|178|222|190
201|181|219|199
199|183|217|201
207|179|221|193
210|180|220|190
198|180|220|202
203|179|221|197
203|181|219|197
203|179|221|197
208|178|222|192
207|181|219|193
202|180|220|198
203|181|219|197
205|179|221|195
203|179|221|197
208|180|220|192
209|179|221|191
200|182|218|200
203|181|219|197
206|180|220|194
206|180|220|194
204|180|220|196
201|179|221|199
206|178|220|192
202|180|218|196
200|178|220|198
202|178|220|196
203|177|221|195
209|177|221|189
203|181|219|197
204|182|218|196
203|179|221|197
201|175|225|199
205|181|219|195
203|183|217|197
210|182|220|192
213|179|223|189
203|181|221|199
201|181|221|201
205|181|221|197
208|184|218|194
206|178|220|192
205|177|221|193
203|179|219|195
198|178|220|200
206|178|220|192
201|181|217|197
203|179|221|197
204|180|220|196
203|181|219|197
211|181|219|189
207|179|221|193
203|175|225|197
202|180|220|198
198|184|216|202
204|178|222|196
209|179|221|191
206|178|222|194
203|177|223|197
205|181|219|195
206|184|216|194
206|180|220|194
208|178|222|192
205|181|219|195
202|182|218|198
202|176|224|198
205|175|225|195
202|180|220|198
206|180|220|194
207|179|221|193
197|181|219|203
206|178|222|194
208|182|218|192
201|181|219|199
206|178|222|194
209|181|221|193
202|178|224|200
205|181|221|197
205|181|221|197
203|179|223|199
204|188|214|198
203|183|217|197
204|170|230|196
207|179|221|193
204|182|218|196
202|180|220|198
206|180|220|194
204|178|222|196
210|174|226|190
206|182|218|194
208|182|218|192
205|179|221|195
196|180|220|204
202|178|222|198
207|181|219|193
205|177|223|195
205|175|225|195
203|181|219|197
204|178|222|196
207|181|219|193
200|182|218|200
200|174|226|200
204|178|222|196
208|180|220|192
212|180|220|188
201|179|221|199
203|177|223|197
208|178|222|192
203|181|219|197
198|182|218|202
198|178|222|202
207|179|221|193
206|180|220|194
200|180|220|200
211|177|223|189
207|179|221|193
201|179|223|201
198|178|224|204
207|185|217|195
207|179|223|195
203|175|227|199
208|182|220|194
213|181|219|187
205|177|223|195
203|177|223|197
203|183|219|195
201|181|221|197
206|178|222|194
208|180|220|192
203|179|221|197
206|176|224|194
204|176|224|196
196|178|222|204
198|182|218|202
205|179|221|195
211|177|223|189
204|178|222|196
197|179|221|203
208|178|222|192
204|178|222|196
204|176|224|196
208|178|222|192
208|180|220|192
203|179|221|197
200|178|222|200
207|179|221|193
207|179|221|193
206|178|222|194
209|181|219|191
199|181|219|201
203|177|223|197
206|178|222|194
200|180|220|200
206|180|220|194
203|181|221|195
206|178|222|194
208|176|224|192
201|179|221|199
205|179|221|195
204|178|222|196
207|179|221|193
209|179|221|191
200|178|222|200
202|176|224|198
209|179|221|191
203|181|219|197
199|177|223|201
205|179|221|195
202|180|220|198
206|174|226|194
209|175|225|191
203|179|221|197
207|181|219|193
209|179|221|191
202|178|222|198
205|179|221|195
206|178|222|194
202|176|224|198
200|180|220|200
206|176|224|194
211|175|225|189
205|183|217|195
198|178|222|202
205|179|221|195
210|180|220|190
206|176|224|194
201|177|223|199
202|176|224|198
210|182|218|190
204|180|220|196
204|178|222|196
210|176|220|194
205|177|219|199
201|175|221|203
208|176|220|196
210|176|220|194
206|174|222|198
197|179|221|203
207|177|223|193
207|179|221|193
203|181|219|197
205|175|225|195
206|174|226|194
203|179|221|197
201|181|219|199
208|178|222|192
210|174|226|190
206|176|224|194
203|181|221|195
202|182|220|200
202|178|224|200
208|178|224|194
210|178|224|192
203|177|225|199
204|180|222|198
203|179|221|197
204|178|222|196
203|177|223|197
204|176|224|196
204|176|224|196
204|176|224|196
208|180|220|192
207|177|223|193
202|178|222|198
201|179|221|199
204|176|224|196
210|178|222|190
206|178|222|194
202|176|224|198
205|171|229|195
207|179|221|193
207|181|219|193
207|177|223|193
201|179|221|199
201|177|223|199
207|175|225|193
205|179|221|195
202|180|220|198
206|178|222|194
203|175|225|197
205|177|223|195
203|181|219|197
203|177|223|197
206|180|220|194
201|179|221|199
200|170|230|200
204|176|224|196
209|179|221|191
208|180|220|192
199|175|225|201
202|174|226|198
207|177|223|193
209|179|221|191
199|179|221|201
205|175|225|195
207|179|221|193
202|176|224|198
198|172|228|202
204|180|220|196
206|180|220|194
208|178|222|192
207|173|227|193
202|178|222|198
205|177|223|195
208|178|222|192
204|180|220|196
204|174|226|196
200|174|224|198
199|173|225|199
213|181|217|185
205|179|219|193
201|175|223|197
204|176|222|194
205|179|221|195
207|177|223|193
206|176|224|194
206|178|222|194
205|179|221|195
201|175|225|199
209|175|225|191
203|175|225|197
202|178|222|198
210|182|218|190
201|177|223|199
198|174|226|202
208|176|224|192
208|176|224|192
203|177|223|197
206|180|220|194
205|175|225|195
203|173|227|197
205|179|221|195
204|178|222|196
207|175|225|193
207|177|223|193
204|174|226|196
209|181|223|195
202|182|222|202
208|178|226|196
209|179|225|195
203|177|227|201
207|177|227|197
211|179|225|193
202|176|222|196
198|176|222|200
208|178|220|190
207|175|223|191
203|175|223|195
208|178|222|192
209|179|221|191
200|180|222|198
206|176|224|194
207|173|227|193
199|181|219|201
207|177|223|193
208|176|224|192
199|177|223|201
201|175|225|199
207|171|229|193
204|178|222|196
203|179|221|197
207|171|229|193
203|177|223|197
205|177|223|195
209|181|219|191
207|177|223|193
208|174|226|192
206|178|222|194
203|173|227|197
199|177|223|201
204|182|218|196
206|174|226|194
199|173|227|201
204|180|220|196
210|178|222|190
202|176|224|198
207|177|223|193
210|178|222|190
205|173|227|195
204|178|222|196
206|178|222|194
208|172|228|192
203|177|223|197
203|177|223|197
201|173|227|199
206|176|224|194
212|178|222|188
206|176|224|194
203|177|223|197
206|176|224|194
206|174|226|194
205|177|223|195
209|179|221|191
203|173|227|197
203|173|227|197
205|179|223|193
206|180|222|192
205|175|225|195
203|173|227|197
202|176|224|198
198|178|222|202
204|178|222|196
212|178|222|188
209|175|225|191
206|174|226|194
206|176|224|194
206|174|226|194
205|177|223|195
206|176|224|194
203|177|223|197
199|179|221|201
204|174|226|196
203|175|225|197
208|184|216|192
205|173|227|195
207|173|227|193
209|179|221|191
202|178|222|198
203|171|229|197
201|175|225|199
207|177|223|193
211|175|225|189
204|176|224|196
206|176|224|194
202|178|222|198
208|176|224|192
206|176|224|194
203|175|225|197
212|170|230|188
211|177|223|189
198|178|222|202
202|178|222|198
205|179|221|195
205|173|227|195
207|175|225|193
207|175|225|193
200|174|226|200
204|172|228|196
206|174|226|194
205|175|225|195
208|176|224|192
205|175|225|195
202|176|224|198
207|177|223|193
210|176|224|190
199|173|227|201
196|176|224|204
206|174|226|194
208|174|226|192
206|178|222|194
203|175|225|197
207|177|223|193
209|179|221|191
200|176|224|200
203|175|225|197
208|174|226|192
204|174|226|196
204|174|226|196
209|175|225|191
204|174|226|196
205|177|223|195
204|174|226|196
208|174|226|192
206|174|226|194
206|178|222|194
202|178|222|198
204|170|230|196
204|176|224|196
200|178|222|200
204|174|226|196
207|177|223|193
208|176|224|192
206|170|230|194
201|175|225|199
207|179|221|193
207|173|227|193
208|174|226|192
205|179|221|195
198|178|222|202
203|175|225|197
203|171|229|197
204|174|226|196
207|179|221|193
205|175|225|195
205|171|229|195
204|176|224|196
209|177|223|191
206|176|224|194
202|174|226|198
203|169|231|197
204|176|224|196
204|176|224|196
207|177|223|193
207|175|225|193
202|174|226|198
207|175|225|193
206|176|224|194
202|172|228|198
207|175|225|193
205|177|223|195
208|176|224|192
204|176|224|196
203|175|225|197
202|176|224|198
199|173|227|201
209|171|229|191
210|180|220|190
207|175|225|193
205|169|231|195
204|174|226|196
205|177|223|195
202|174|226|198
208|176|224|192
207|179|221|193
199|175|225|201
205|175|225|195
206|178|222|194
206|176|224|194
209|173|227|191
204|172|228|196
201|171|229|199
207|177|223|193
201|177|223|199
203|173|227|197
210|176|224|190
212|178|222|188
206|172|228|194
202|174|226|198
203|175|225|197
207|179|221|193
209|175|225|191
204|174|226|196
201|173|227|199
208|174|226|192
206|178|222|194
203|175|225|197
201|173|227|199
206|172|228|194
209|175|225|191
204|174|226|196
208|170|230|192
211|175|225|189
206|176|224|194
204|174|226|196
202|176|224|198
207|177|223|193
204|178|224|198
206|174|228|196
206|174|228|196
204|174|228|198
212|174|228|190
206|174|226|194
208|174|226|192
203|177|223|197
204|176|224|196
204|172|228|196
199|175|225|201
201|177|223|199
205|173|225|193
209|173|225|189
210|176|222|188
204|174|224|194
202|174|224|196
205|175|225|195
211|173|227|189
203|173|227|197
198|172|228|202
204|174|226|196
205|175|225|195
210|176|224|190
207|175|225|193
207|173|227|193
213|171|229|187
201|173|227|199
199|177|223|201
203|177|223|197
204|174|226|196
207|171|229|193
207|169|231|193
208|172|228|192
206|176|224|194
204|172|226|194
205|173|225|193
202|172|226|196
203|175|223|195
210|174|224|188
202|172|226|196
203|175|225|197
206|178|222|194
210|174|226|190
210|170|230|190
206|172|228|194
202|174|226|198
208|176|224|192
207|173|227|193
203|175|225|197
200|178|222|200
209|171|229|191
206|172|228|194
203|175|225|197
209|175|225|191
211|173|227|189
204|174|226|196
205|173|227|195
210|174|226|190
201|175|225|199
203|171|229|197
204|174|226|196
200|178|222|200
211|173|227|189
210|170|230|190
203|175|225|197
202|176|224|198
204|172|228|196
208|172|228|192
208|172|230|194
207|179|223|195
206|176|226|196
206|172|230|196
209|175|227|193
203|175|227|199
206|172|230|196
206|174|224|192
205|175|223|193
205|173|225|193
203|171|227|195
207|171|227|191
207|175|225|193
204|174|226|196
201|169|231|199
207|171|229|193
206|176|224|194
203|175|225|197
206|170|232|196
207|177|225|195
203|177|225|199
205|171|231|197
210|170|232|192
208|174|228|194
205|173|227|195
201|177|223|199
204|174|226|196
209|173|227|191
209|173|227|191
210|178|222|190
202|172|226|196
204|168|230|194
202|172|226|196
203|173|225|195
205|169|229|193
203|169|229|195
206|174|226|194
207|175|225|193
206|172|228|194
201|171|229|199
208|172|228|192
209|177|223|191
205|175|225|195
204|174|226|196
204|172|228|196
203|171|229|197
205|175|225|195
211|173|227|189
207|175|225|193
204|176|224|196
206|172|228|194
199|173|229|199
201|173|227|199
209|173|227|191
208|170|230|192
202|174|226|198
208|174|226|192
211|171|229|189
201|173|227|199
198|172|228|202
205|175|225|195
204|174|226|196
207|169|231|193
211|175|225|189
205|173|227|195
201|171|229|199
202|170|230|198
205|173|227|195
205|175|225|195
212|172|228|188
206|172|228|194
201|173|227|199
205|173|227|195
209|175|225|191
205|171|229|195
204|172|228|196
208|174|226|192
208|172|228|192
204|170|230|196
203|177|223|197
202|172|228|198
208|172|228|192
210|176|226|192
206|174|228|196
207|171|231|195
205|171|231|197
206|174|228|196
207|173|229|195
206|176|226|196
207|179|223|195
207|169|233|195
211|171|231|191
206|174|228|196
203|175|227|199
203|173|227|197
204|172|228|196
206|172|228|194
206|170|230|194
207|175|225|193
204|174|226|196
205|173|227|195
212|174|226|188
205|171|229|195
207|173|227|193
205|171|229|195
202|170|232|200
199|175|227|203
205|177|225|197
209|173|229|193
212|172|230|190
205|175|227|197
200|172|228|200
205|175|225|195
210|174|226|190
207|169|231|193
202|170|230|198
203|171|229|197
206|172|228|194
209|175|225|191
210|174|226|190
205|171|229|195
205|171|229|195
210|172|228|190
203|175|225|197
203|173|227|197
206|172|228|194
204|176|224|196
206|170|230|194
204|170|230|196
202|174|226|198
208|172|228|192
213|173|227|187
204|176|224|196
197|173|227|203
208|170|230|192
209|169|231|191
205|173|227|195
203|171|229|197
203|169|231|197
206|172|228|194
204|174|224|194
204|176|222|194
207|169|229|191
209|169|229|189
202|172|226|196
203|173|225|195
213|171|229|187
204|168|232|196
206|170|230|194
206|176|224|194
199|173|227|201
208|170|230|192
207|173|227|193
202|172|228|198
211|171|229|189
204|170|230|196
200|170|230|200
207|173|229|195
211|175|227|191
205|175|227|197
206|174|228|196
212|172|230|190
206|170|232|196
203|171|231|199
207|173|227|193
203|179|221|197
204|170|230|196
212|168|232|188
209|171|229|191
207|171|229|193
204|174|226|196
203|173|227|197
205|171|229|195
202|170|230|198
204|170|230|196
209|173|227|191
207|175|225|193
205|173|227|195
205|171|229|195
210|170|230|190
206|168|232|194
200|170|230|200
207|177|223|193
205|171|229|195
206|172|228|194
207|175|225|193
202|172|228|198
204|172|228|196
206|172|228|194
208|170|230|192
210|168|232|190
210|172|228|190
210|176|230|196
207|175|231|199
202|172|234|204
206|172|234|200
210|174|232|196
213|179|227|193
208|176|224|192
200|170|230|200
204|170|230|196
208|170|230|192
204|174|226|196
206|170|230|194
209|171|229|191
210|172|228|190
205|171|229|195
203|175|225|197
204|172|228|196
200|170|230|200
207|169|231|193
206|170|230|194
207|173|227|193
213|171|229|187
201|169|231|199
201|171|229|199
204|172|228|196
204|172|228|196
210|174|226|190
206|172|228|194
209|169|231|191
209|173|227|191
200|172|228|200
202|168|232|198
206|172|228|194
211|173|227|189
202|168|232|198
201|171|229|199
206|170|230|194
209|171|229|191
208|174|226|192
204|166|234|196
205|173|227|195
203|175|225|197
209|169|231|191
207|173|227|193
203|169|231|197
203|167|233|197
205|175|225|195
208|174|226|192
206|170|230|194
206|170|230|194
205|171|229|195
204|170|230|196
208|172|228|192
205|171|229|195
202|168|232|198
207|169|231|193
204|170|230|196
208|172|228|192
209|177|223|191
203|171|227|195
205|171|227|193
209|169|229|189
204|166|232|194
202|168|230|196
207|173|227|193
205|175|225|195
207|167|233|193
204|166|234|196
207|173|227|193
207|173|227|193
203|169|231|197
210|172|228|190
209|171|229|191
203|171|229|197
205|167|233|195
202|168|232|198
204|172|228|196
209|171|229|191
207|167|233|193
211|173|227|189
209|171|229|191
201|167|233|199
205|169|231|195
204|174|226|196
206|172|228|194
213|169|231|187
206|170|230|194
201|169|231|199
207|169|231|193
209|171|229|191
205|173|227|195
204|170|230|196
207|169|231|193
205|171|229|195
202|172|228|198
203|169|231|197
202|170|230|198
208|166|234|192
210|172|228|190
202|176|224|198
206|168|232|194
212|170|230|188
205|173|227|195
204|170|230|196
204|170|230|196
206|172|228|194
215|171|229|185
203|173|227|197
202|172|228|198
203|167|233|197
210|170|230|190
210|170|230|190
209|169|231|191
206|172|228|194
204|172|228|196
210|172|228|190
207|171|229|193
200|170|230|200
204|170|230|196
209|167|233|191
205|169|231|195
207|169|231|193
210|172|228|190
204|172|228|196
207|169|231|193
205|171|229|195
200|174|226|200
206|172|228|194
206|168|232|194
204|164|236|196
202|170|230|198
206|176|224|194
206|170|230|194
207|165|235|193
209|173|227|191
201|175|225|199
205|169|231|195
208|166|234|192
205|169|231|195
204|172|228|196
206|172|228|194
203|169|231|197
205|169|231|195
208|170|230|192
207|167|233|193
210|172|228|190
205|175|225|195
204|170|230|196
204|168|232|196
205|167|233|195
205|171|229|195
208|172|228|192
210|172|232|194
212|172|232|192
207|171|233|197
200|172|232|204
209|171|233|195
208|166|234|192
205|173|227|195
210|170|230|190
205|167|233|195
207|171|229|193
207|171|229|193
200|168|232|200
208|170|230|192
207|171|229|193
201|169|231|199
209|167|233|191
207|169|231|193
204|170|230|196
208|176|224|192
205|171|229|195
205|169|231|195
213|167|233|187
207|169|231|193
207|171|229|193
203|169|231|197
200|172|228|200
207|169|231|193
210|166|234|190
208|172|230|190
206|172|228|194
208|168|232|192
206|170|230|194
204|172|228|196
205|173|227|195
206|168|232|194
202|162|236|196
205|165|233|193
212|170|228|186
208|174|224|190
196|168|230|202
203|169|231|197
213|169|231|187
208|170|230|192
201|169|231|199
207|167|233|193
207|171|229|193
200|172|228|200
208|168|232|192
208|168|232|192
208|172|228|192
205|171|229|195
206|166|234|194
205|167|233|195
199|167|233|201
204|172|228|196
206|170|230|194
207|169|231|193
211|169|231|189
213|169|231|187
201|169|231|199
202|168|232|198
203|169|231|197
209|169|231|191
210|170|230|190
204|170|230|196
203|169|231|197
208|168|232|192
209|163|237|191
210|168|232|190
207|173|227|193
198|170|230|202
202|172|228|198
205|171|229|195
208|166|234|192
210|166|234|190
207|169|231|193
204|168|232|196
201|169|231|199
210|170|230|190
208|172|228|192
203|169|231|197
206|168|232|194
207|169|231|193
209|165|235|191
208|170|230|192
202|172|228|198
204|168|232|196
209|169|231|191
206|168|232|194
203|165|235|197
209|169|231|191
211|171|229|189
206|170|230|194
203|167|233|197
203|167|233|197
204|172|228|196
205|171|229|195
212|166|234|188
209|167|233|191
207|167|233|193
206|168|232|194
204|172|228|196
212|170|230|188
206|166|234|194
205|171|229|195
204|168|232|196
204|162|238|196
210|170|230|190
205|171|229|195
200|170|230|200
203|167|233|197
208|166|234|192
206|170|230|194
205|167|233|195
207|165|235|193
206|172|228|194
205|169|231|195
205|167|233|195
210|170|230|190
210|172|228|190
204|172|228|196
205|169|231|195
210|162|238|190
210|170|230|190
204|168|232|196
205|169|231|195
206|170|230|194
202|168|232|198
210|168|232|190
206|166|234|194
200|166|234|200
204|170|230|196
206|170|230|194
207|169|231|193
201|167|233|199
208|166|234|192
211|167|233|189
213|171|229|187
203|171|229|197
198|170|230|202
202|168|230|196
204|168|230|194
207|163|235|191
206|168|230|192
207|167|231|191
211|167|235|187
204|172|228|196
200|170|230|200
205|169|231|195
205|165|235|195
209|167|233|191
212|170|232|190
208|168|234|194
204|168|234|198
204|170|232|198
207|171|231|195
207|169|231|193
204|168|232|196
207|167|233|193
209|167|233|191
207|167|233|193
210|168|232|190
201|169|231|199
202|170|230|198
208|166|234|192
207|167|233|193
204|172|228|196
207|167|233|193
205|171|229|195
207|169|231|193
207|161|239|193
206|170|230|194
212|168|232|188
210|164|236|190
199|167|233|201
200|168|232|200
204|172|228|196
207|169|231|193
209|163|237|191
210|170|230|190
203|169|231|197
202|168|232|198
209|165|235|191
209|167|233|191
207|167|233|193
203|167|233|197
206|170|228|192
210|166|232|188
206|166|232|192
207|167|231|191
205|169|229|193
201|167|231|197
207|165|235|193
205|169|231|195
201|167|233|199
209|165|235|191
207|171|229|193
206|170|230|194
207|167|233|193
202|168|232|198
205|167|233|195
207|165|235|193
210|164|236|190
212|168|232|188
209|169|231|191
199|169|231|201
202|168|232|198
209|165|235|191
206|168|232|194
210|168|232|190
208|164|236|192
206|170|230|194
207|169|231|193
202|168|232|198
203|167|233|197
209|163|237|191
209|165|235|191
210|170|230|190
205|169|231|195
202|164|236|198
206|168|232|194
209|171|229|191
206|164|236|194
207|167|233|193
210|168|232|190
205|167|233|195
196|164|236|204
205|167|231|193
207|167|231|191
206|168|230|192
202|168|230|196
201|169|231|195
206|166|236|192
207|163|237|193
207|167|233|193
206|166|234|194
207|167|233|193
208|168|232|192
208|170|232|194
207|167|235|195
208|168|234|194
204|170|232|198
202|170|232|200
211|169|233|191
207|169|231|193
205|165|235|195
204|166|236|194
203|167|235|195
210|166|234|190
214|172|228|186
203|169|231|197
203|165|235|197
207|169|231|193
206|168|232|194
209|165|235|191
202|164|236|198
207|167|233|193
211|169|231|189
209|165|235|191
199|165|235|201
201|167|233|199
212|164|236|188
208|166|234|192
208|172|228|192
208|166|234|192
205|169|231|195
207|167|233|193
203|161|239|197
204|168|232|196
206|172|228|194
211|165|235|189
203|165|235|197
207|169|231|193
210|168|232|190
208|162|238|192
206|164|236|194
202|166|234|198
210|168|232|190
208|170|230|192
205|169|233|197
207|169|233|195
205|169|233|197
206|164|238|196
206|168|234|196
208|168|232|192
205|165|235|195
209|163|237|191
212|168|232|188
204|166|234|196
202|168|232|198
209|167|233|191
211|165|235|189
204|168|232|196
204|164|236|196
208|168|232|192
205|167|233|195
209|167|233|191
210|166|234|190
205|165|235|195
202|170|230|198
204|168|232|196
213|167|233|187
208|166|234|192
201|167|233|199
206|166|234|194
209|167|233|191
204|166|234|196
207|167|233|193
209|165|235|191
212|166|234|188
205|167|233|195
200|166|234|200
204|166|234|196
206|168|232|194
212|168|232|188
209|163|237|191
205|167|233|195
203|167|233|197
208|164|236|192
212|166|234|188
209|167|233|191
204|170|230|196
204|168|232|196
209|163|237|191
205|167|233|195
205|169|231|195
210|166|234|190
208|162|238|192
203|165|235|197
202|168|232|198
211|163|237|189
212|166|234|188
209|167|233|191
202|168|232|198
206|168|232|194
209|167|233|191
206|168|232|194
205|165|235|195
202|162|238|198
207|167|233|193
209|165|235|191
209|163|237|191
204|168|232|196
203|165|235|197
206|168|232|194
208|168|232|192
205|163|237|195
209|165|235|191
206|166|234|194
203|169|231|197
211|165|235|189
203|165|235|197
204|170|230|196
210|164|236|190
213|159|241|187
207|167|233|193
209|167|233|191
204|166|234|196
205|167|233|195
207|167|233|193
204|164|236|196
206|164|236|194
207|171|229|193
211|167|233|189
208|166|234|192
204|166|234|196
207|165|235|193
209|165|235|191
205|167|233|195
208|166|234|192
212|164|236|188
202|168|232|198
203|165|235|197
205|165|235|195
208|166|234|192
213|165|235|187
217|177|223|183
205|165|235|195
207|165|235|193
209|169|231|191
209|165|235|191
209|167|233|191
187|155|247|211
205|167|235|193
209|167|233|191
203|167|233|197
209|165|235|191
206|168|232|194
204|166|234|196
205|165|235|195
211|165|235|189
210|164|236|190
206|166|234|194
204|168|232|196
207|163|237|193
208|162|238|192
208|166|234|192
209|169|231|191
203|167|233|197
204|162|238|196
207|165|235|193
207|165|235|193
207|169|231|193
207|167|233|193
207|165|235|193
204|172|228|196
203|167|233|197
210|160|240|190
210|166|234|190
208|168|232|192
204|164|236|196
210|164|236|190
205|167|233|195
204|164|236|196
208|162|238|192
210|168|234|188
204|166|234|196
208|166|234|192
216|166|234|184
201|167|233|199
205|163|237|195
211|163|237|189
205|167|233|195
206|166|234|194
205|167|233|195
203|163|237|197
207|165|235|193
212|168|232|188
206|166|234|194
205|163|237|195
212|162|238|188
210|166|234|190
204|166|236|194
204|166|236|194
207|167|233|193
203|163|237|197
206|164|236|194
208|164|236|192
213|167|233|187
207|165|235|193
206|164|236|194
204|166|234|196
204|166|234|196
211|165|235|189
210|166|234|190
199|169|233|199
200|166|236|198
210|168|232|190
208|162|236|190
206|160|238|192
208|166|232|190
209|167|231|189
205|163|235|193
207|159|241|193
208|166|234|192
205|167|233|195
204|166|234|196
202|168|232|198
203|163|237|197
208|164|236|192
207|165|235|193
206|162|238|194
213|165|235|187
212|164|236|188
203|165|235|197
209|169|231|191
208|164|236|192
205|165|235|195
211|163|237|189
205|163|237|195
201|165|235|199
206|166|234|194
206|166|234|194
207|167|233|193
210|164|236|190
208|164|236|192
209|163|237|191
205|163|237|195
206|168|232|194
209|167|233|191
208|164|236|192
209|165|235|191
203|165|235|197
206|160|240|194
208|164|236|192
203|163|237|197
211|165|235|189
212|166|234|188
203|165|235|197
203|167|233|197
211|163|237|189
208|166|234|192
206|166|234|194
210|162|238|190
209|161|239|191
204|164|236|196
203|167|233|197
203|167|233|197
210|164|236|190
212|164|236|188
205|163|237|195
206|162|238|194
214|162|238|186
202|166|234|198
208|166|234|192
209|169|231|191
203|161|239|197
208|164|236|192
208|164|236|192
203|161|239|197
206|166|234|194
206|166|234|194
208|164|236|192
208|166|234|192
206|166|234|194
210|162|238|190
207|165|235|193
204|164|236|196
207|161|239|193
205|165|235|195
208|166|234|192
209|167|233|191
198|162|238|202
203|161|239|197
207|167|233|193
211|163|237|189
212|162|238|188
207|163|237|193
205|163|237|195
202|166|234|198
210|166|234|190
209|165|235|191
211|165|235|189
209|163|237|191
203|161|239|197
208|164|236|192
205|163|237|195
207|167|233|193
207|165|235|193
211|163|237|189
208|166|234|192
205|163|237|195
205|159|241|195
205|165|235|195
208|164|236|192
209|161|239|191
210|166|234|190
204|168|232|196
205|163|237|195
209|163|237|191
211|167|233|189
206|164|236|194
202|164|234|196
204|160|238|194
211|163|235|187
210|162|236|188
204|160|238|194
205|163|235|193
211|167|233|189
206|164|236|194
208|162|238|192
207|163|237|193
204|168|232|196
204|164|236|196
209|163|237|191
206|162|238|194
201|165|235|199
211|167|233|189
207|165|235|193
204|164|236|196
210|162|238|190
208|164|236|192
208|166|234|192
210|164|236|190
207|161|239|193
208|164|236|192
208|164|236|192
209|161|239|191
204|166|234|196
202|166|234|198
208|162|238|192
206|162|238|194
209|167|233|191
208|162|238|192
205|163|237|195
210|164|236|190
207|165|235|193
207|167|235|195
203|163|239|199
207|161|241|195
217|167|235|185
208|166|236|194
209|163|237|191
211|165|235|189
206|162|238|194
206|164|236|194
204|164|236|196
200|168|232|200
210|162|238|190
207|161|239|193
206|164|236|194
205|161|239|195
208|166|234|192
212|166|234|188
210|164|236|190
211|165|235|189
205|163|237|195
200|162|238|200
209|163|237|191
212|164|236|188
200|162|238|200
203|161|239|197
207|165|235|193
206|164|236|194
210|162|238|190
208|164|236|192
209|161|241|193
210|164|238|192
208|166|236|194
207|165|237|195
206|164|238|196
208|164|238|194
209|163|237|191
209|163|237|191
209|165|235|191
205|161|239|195
206|162|238|194
204|166|234|196
207|161|239|193
208|162|238|192
203|169|231|197
207|161|239|193
208|162|238|192
207|165|235|193
210|162|238|190
214|164|236|186
206|162|238|194
203|161|239|197
209|163|237|191
206|164|236|194
209|163|235|189
210|164|234|188
199|161|237|199
205|161|237|193
209|163|235|189
205|165|237|197
205|163|239|197
212|164|238|190
212|164|238|190
208|164|238|194
206|162|240|196
208|160|240|192
208|164|236|192
209|167|233|191
200|160|240|200
202|162|238|198
210|164|236|190
209|165|235|191
205|161|239|195
206|158|242|194
209|163|237|191
210|168|232|190
206|162|238|194
202|158|242|198
208|164|236|192
209|163|237|191
204|160|240|196
207|165|235|193
210|162|238|190
211|161|239|189
208|162|238|192
209|163|237|191
207|163|237|193
206|164|236|194
206|162|238|194
201|161|239|199
208|164|236|192
211|163|237|189
210|162|238|190
210|164|236|190
208|162|238|192
202|162|238|198
205|165|235|195
212|162|238|188
206|162|238|194
207|163|237|193
205|161|239|195
208|164|236|192
212|164|236|188
205|159|241|195
205|159|241|195
210|164|236|190
211|163|237|189
210|164|236|190
200|162|238|200
203|159|241|197
210|162|238|190
205|165|235|195
202|162|238|198
207|163|237|193
207|163|237|193
212|164|236|188
208|160|240|192
204|162|238|196
206|158|236|188
206|160|234|188
199|165|229|195
204|160|234|190
207|159|235|187
208|160|240|192
200|160|240|200
207|165|235|193
207|163|237|193
202|160|240|198
208|160|240|192
210|162|238|190
209|161|239|191
209|163|237|191
204|164|236|196
203|161|239|197
206|164|236|194
207|165|235|193
206|160|240|194
211|159|241|189
207|163|237|193
208|164|236|192
211|161|239|189
204|160|240|196
211|161|239|189
212|164|236|188
202|162|238|198
203|161|239|197
208|164|238|194
208|164|238|194
211|161|241|191
213|165|237|189
205|163|239|197
206|164|238|196
209|163|237|191
206|158|242|194
209|163|237|191
211|165|235|189
211|159|241|189
206|158|242|194
207|161|239|193
209|163|237|191
203|163|237|197
205|161|239|195
209|163|237|191
206|162|238|194
204|160|236|192
210|162|234|186
205|159|237|191
204|158|238|192
206|160|236|190
204|158|238|192
205|163|237|195
206|164|236|194
211|159|241|189
207|163|237|193
207|163|237|193
209|159|241|191
213|159|241|187
210|162|238|190
205|163|237|195
205|165|235|195
210|160|240|190
210|160|240|190
209|161|239|191
205|159|241|195
204|164|236|196
205|165|235|195
209|161|239|191
205|161|239|195
205|161|239|195
205|165|235|195
210|162|238|190
213|159|241|187
202|164|236|198
208|160|240|192
211|163|237|189
213|163|237|187
200|154|246|200
205|159|241|195
208|162|238|192
204|162|238|196
209|165|235|191
210|162|238|190
208|158|242|192
211|159|241|189
207|167|233|193
205|165|233|193
204|160|238|194
202|162|236|196
211|161|237|187
209|161|237|189
211|161|239|189
208|160|240|192
197|159|241|203
206|162|238|194
208|162|238|192
209|163|237|191
212|158|242|188
207|159|241|193
204|164|236|196
207|163|237|193
208|158|242|192
205|159|241|195
206|164|236|194
206|164|236|194
215|159|241|185
210|160|240|190
204|160|240|196
208|160|240|192
210|160|240|190
204|160|240|196
204|162|238|196
206|162|238|194
213|161|239|187
211|163|237|189
206|160|240|194
202|158|242|198
205|161|239|195
211|163|237|189
210|160|240|190
208|160|240|192
205|163|237|195
205|161|239|195
209|161|239|191
208|162|238|192
210|160|240|190
209|161|239|191
207|163|237|193
211|161|239|189
206|158|242|194
208|162|238|192
208|162|238|192
201|161|237|197
203|159|239|195
207|163|235|191
209|159|239|189
209|157|241|189
204|162|236|194
209|161|239|191
208|162|238|192
208|164|236|192
203|159|241|197
203|159|241|197
209|159|241|191
208|156|244|192
201|163|237|199
209|163|237|191
208|160|240|192
206|160|240|194
208|164|236|192
210|164|236|190
205|159|241|195
201|159|241|199
213|157|243|187
215|159|241|185
208|164|236|192
204|164|236|196
210|160|240|190
211|161|239|189
207|159|241|193
203|159|241|197
206|164|236|194
208|162|238|192
210|160|240|190
206|162|238|194
206|162|238|194
212|162|238|188
206|160|240|194
205|157|243|195
207|163|237|193
213|163|237|187
205|161|239|195
201|159|241|199
216|158|242|184
210|162|238|190
207|159|241|193
211|159|241|189
210|160|240|190
206|162|238|194
204|158|242|196
206|158|242|194
215|165|235|185
208|160|240|192
207|159|241|193
208|164|236|192
206|164|236|194
206|162|238|194
209|159|241|191
206|158|242|194
205|159|241|195
211|161|239|189
205|161|239|195
204|160|240|196
210|158|242|190
207|159|241|193
205|163|237|195
205|159|241|195
215|159|241|185
213|163|237|187
205|163|237|195
205|157|243|195
209|155|245|191
206|162|238|194
208|160|240|192
208|156|244|192
206|162|238|194
212|166|234|188
211|161|239|189
201|161|239|199
207|159|241|193
212|162|238|188
204|162|238|196
209|155|245|191
213|159|241|187
206|162|238|194
205|159|241|195
207|161|239|193
205|163|237|195
208|162|238|192
207|159|241|193
201|157|243|199
209|163|237|191
214|160|240|186
210|160|240|190
207|159|241|193
202|156|244|198
204|160|240|196
211|161|239|189
214|162|238|186
202|156|244|198
205|161|239|195
205|163|235|193
201|161|237|197
211|155|243|187
207|159|239|191
205|157|241|193
207|155|243|191
208|160|240|192
207|163|237|193
208|158|242|192
213|157|243|187
206|162|238|194
205|157|243|195
207|157|241|191
208|160|238|190
209|161|237|189
209|163|235|189
203|161|237|195
201|159|241|199
208|156|244|192
210|160|240|190
209|161|239|191
210|162|238|190
209|157|243|191
204|154|246|196
207|159|241|193
209|159|241|191
208|160|240|192
213|161|239|187
207|159|241|193
206|158|242|194
208|164|236|192
207|161|239|193
205|159|241|195
207|155|245|193
215|159|241|185
211|161|239|189
205|159|241|195
203|165|235|197
209|161|239|191
207|157|243|193
207|159|241|193
205|155|245|195
206|158|242|194
208|160|240|192
206|160|240|194
205|159|241|195
212|158|242|188
212|162|238|188
209|161|239|191
208|162|238|192
211|157|243|189
210|158|242|190
208|158|242|192
209|159|241|191
203|161|239|197
202|160|240|198
204|158|242|196
207|157|243|193
214|158|242|186
211|161|239|189
209|161|239|191
209|159|241|191
208|160|240|192
205|159|241|195
205|157|243|195
207|159|241|193
211|159|241|189
204|160|240|196
206|160|240|194
212|158|242|188
211|157|243|189
206|160|240|194
210|160|240|190
206|160|240|194
203|157|243|197
210|160|240|190
207|159|239|191
207|155|243|191
203|155|243|195
203|159|239|195
208|160|238|190
210|156|244|190
206|158|242|194
204|160|240|196
209|157|243|191
207|161|239|193
209|163|237|191
210|158|242|190
207|157|243|193
207|157|243|193
207|163|237|193
210|160|240|190
205|159|241|195
207|159|241|193
215|159|241|185
208|160|240|192
207|159|241|193
205|161|239|195
206|158|242|194
210|154|246|190
207|159|241|193
209|161|239|191
211|161|239|189
202|160|240|198
207|161|241|195
205|159|243|197
206|160|244|194
218|168|234|184
208|160|242|194
207|155|247|195
212|158|242|188
208|158|242|192
205|157|243|195
205|161|239|195
215|163|237|185
207|157|243|193
204|156|244|196
208|158|242|192
211|163|237|189
210|162|238|190
206|160|240|194
207|159|241|193
209|155|245|191
205|157|243|195
209|157|243|191
209|159|241|191
203|163|237|197
209|157|241|193
211|155|239|191
208|152|242|194
211|155|239|191
212|156|238|190
205|157|237|197
203|157|243|197
213|157|243|187
208|160|240|192
210|158|242|190
211|161|239|189
202|160|240|198
208|158|242|192
211|159|241|189
204|158|242|196
203|155|245|197
210|158|242|190
210|158|242|190
209|155|245|191
208|158|242|192
205|159|241|195
209|159|241|191
212|158|242|188
201|157|243|199
209|161|241|193
212|158|244|190
208|158|244|194
202|158|244|200
207|159|243|195
210|160|240|190
208|160|240|192
208|160|240|192
206|160|240|194
205|159|241|195
210|154|246|190
207|153|247|193
208|158|242|192
210|156|244|190
204|160|240|196
204|160|240|196
209|157|243|191
210|160|240|190
212|156|244|188
206|156|244|194
206|158|242|194
208|156|244|192
206|158|242|194
206|160|240|194
207|159|241|193
208|156|244|192
207|157|243|193
207|163|237|193
207|163|237|193
207|157|241|191
211|151|247|187
213|157|241|185
207|159|239|191
206|156|242|192
209|157|241|189
207|161|239|193
205|155|245|195
209|157|243|191
212|160|240|188
207|157|243|193
204|158|242|196
209|157|243|191
211|161|239|189
213|157|243|187
209|157|243|191
207|159|241|193
207|159|241|193
197|155|245|203
209|153|247|191
210|158|242|190
209|159|241|191
207|155|245|193
207|159|241|193
210|158|242|190
206|158|242|194
205|161|239|195
205|159|241|195
209|157|243|191
210|154|246|190
203|157|243|197
206|160|240|194
209|159|241|191
213|155|245|187
205|155|245|195
211|159|241|189
208|160|240|192
199|159|241|201
209|157|243|191
211|153|247|189
205|155|243|193
207|157|241|191
211|155|243|187
210|158|240|188
204|158|240|194
205|159|239|193
208|156|242|190
206|156|242|192
210|158|240|188
206|154|244|192
201|155|243|197
204|156|242|194
208|160|240|192
208|158|242|192
216|150|250|184
212|158|242|188
206|158|242|194
204|160|240|196
206|154|246|194
205|155|245|195
206|158|242|194
208|158|242|192
213|159|241|187
210|154|246|190
209|155|245|191
213|163|237|187
207|161|239|193
206|152|248|194
204|156|244|196
204|160|240|196
205|155|243|193
206|154|244|192
207|157|241|191
206|158|240|192
206|156|242|192
205|155|243|193
211|157|243|189
213|155|245|187
203|155|245|197
207|157|243|193
210|160|240|190
206|160|240|194
204|156|244|196
205|153|247|195
212|156|244|188
211|157|243|189
203|157|243|197
208|158|242|192
210|158|242|190
213|161|239|187
202|158|242|198
201|155|245|199
206|156|244|194
211|155|245|189
211|153|247|189
202|158|242|198
205|159|241|195
214|158|242|186
211|159|241|189
208|158|242|192
207|157|243|193
202|156|244|198
211|157|243|189
217|155|245|183
207|155|245|193
205|159|241|195
212|160|240|188
206|156|244|194
209|155|245|191
207|157|243|193
205|159|241|195
208|158|242|192
206|156|244|194
208|154|246|192
209|155|245|191
210|160|240|190
211|157|243|189
205|157|243|195
203|159|241|197
214|156|244|186
210|156|244|190
208|156|244|192
212|156|244|188
207|153|247|193
209|157|243|191
203|161|239|197
201|157|243|199
210|156|244|190
209|157|243|191
208|154|246|192
208|154|246|192
213|159|241|187
206|156|244|194
202|156|244|198
208|160|240|192
208|158|242|192
209|157|243|191
206|158|242|194
205|155|245|195
207|155|245|193
209|155|245|191
212|152|248|188
206|156|244|194
204|162|238|196
210|156|244|190
212|154|246|188
203|157|243|197
212|154|246|188
206|160|240|194
202|160|240|198
213|155|245|187
208|152|248|192
210|156|244|190
215|159|241|185
206|154|246|194
205|157|243|195
208|156|244|192
204|152|248|196
209|159|241|191
211|157|243|189
206|154|246|194
205|155|245|195
208|156|244|192
213|157|243|187
207|157|243|193
203|161|239|197
207|157|243|193
207|151|249|193
208|154|248|194
211|159|243|191
213|159|243|189
206|158|244|196
209|159|243|193
210|152|250|192
210|156|244|190
211|157|243|189
206|158|242|194
206|160|240|194
214|148|252|186
209|155|245|191
209|155|245|191
208|156|244|192
203|157|243|197
206|156|244|194
208|156|244|192
208|152|248|192
211|155|245|189
210|156|244|190
205|157|245|193
203|157|243|197
212|156|244|188
209|155|245|191
209|157|243|191
214|158|242|186
208|154|246|192
206|154|246|194
207|157|243|193
204|158|242|196
211|155|245|189
208|156|244|192
209|155|245|191
207|157|243|193
202|156|244|198
210|154|246|190
208|158|242|192
211|155|245|189
210|152|248|190
204|156|244|196
210|154|246|190
214|156|246|188
209|163|239|193
206|160|242|196
208|156|246|194
206|152|250|196
212|156|246|190
213|153|243|191
210|152|244|194
212|154|242|192
207|157|239|197
213|155|241|191
209|153|247|191
207|153|247|193
209|157|243|191
210|160|240|190
210|156|244|190
204|156|244|196
202|154|246|198
206|152|248|194
211|155|245|189
215|159|241|185
207|155|245|193
204|152|248|196
208|158|242|192
209|157|243|191
211|155|245|189
208|154|246|192
207|153|247|193
214|158|242|186
206|156|244|194
202|152|248|198
208|154|246|192
208|152|248|192
208|156|244|192
209|159|241|191
207|157|243|193
209|153|247|191
207|151|249|193
209|153|247|191
212|156|244|188
210|156|244|190
203|155|245|197
202|158|242|198
208|156|244|192
211|155|245|189
210|154|246|190
207|157|243|193
209|155|247|193
211|157|245|191
205|157|245|197
205|153|249|197
210|158|244|192
208|160|240|192
217|147|253|183
211|151|249|189
204|158|242|196
202|156|244|198
214|154|246|186
213|155|245|187
210|154|246|190
207|157|245|191
202|158|244|196
206|154|246|194
208|156|244|192
212|156|246|190
212|156|246|190
206|154|248|196
209|157|245|193
212|158|244|190
206|154|248|196
206|154|246|194
209|153|247|191
212|152|248|188
208|154|246|192
206|154|246|194
207|157|245|191
210|156|246|188
208|152|248|192
208|156|244|192
210|154|246|190
203|151|249|197
205|153|247|195
213|157|243|187
206|158|242|194
203|155|245|197
210|154|246|190
207|157|243|193
207|155|245|193
214|152|248|186
212|152|248|188
203|153|247|197
210|156|244|190
208|156|244|192
203|153|247|197
211|155|245|189
208|154|246|192
206|152|248|194
209|157|243|191
206|156|244|194
206|152|248|194
214|154|246|186
213|155|245|187
204|154|246|196
206|156|244|194
211|155|245|189
214|154|246|186
207|153|247|193
210|152|248|190
209|157|243|191
202|162|238|198
206|152|248|194
210|156|246|192
212|158|244|190
208|156|246|194
207|151|251|195
210|154|248|192
209|159|241|191
204|154|246|196
207|149|251|193
209|153|247|191
210|156|244|190
206|158|242|194
203|155|245|197
207|155|245|193
208|154|246|192
208|152|248|192
206|156|246|192
208|156|244|192
208|150|250|192
213|151|249|187
208|156|244|192
205|153|247|195
208|154|246|192
209|155|245|191
213|153|247|187
209|153|247|191
204|156|244|196
207|153|247|193
212|152|248|188
208|156|244|192
209|157|243|191
207|153|247|193
204|152|248|196
209|153|247|191
208|152|248|192
209|153|247|191
210|156|244|190
210|154|246|190
207|155|245|193
202|154|246|198
212|152|248|188
209|151|249|191
208|152|248|192
210|156|244|190
207|159|241|193
205|155|245|195
205|151|249|195
211|149|251|189
210|152|248|190
208|154|246|192
209|153|247|191
212|156|244|188
214|158|242|186
205|153|247|195
195|153|247|205
211|155|245|189
216|154|246|184
209|151|249|191
203|155|245|197
210|156|244|190
210|152|248|190
206|154|246|194
205|153|247|195
208|156|244|192
213|155|245|187
210|154|248|192
209|153|249|193
214|150|252|188
209|157|245|193
210|158|244|192
205|151|249|195
202|152|248|198
213|155|245|187
208|154|246|192
199|151|249|201
211|153|247|189
214|154|246|186
209|155|245|191
209|153|247|191
209|149|251|191
211|151|249|189
209|153|247|191
208|158|242|192
209|157|243|191
209|151|249|191
210|154|246|190
209|153|247|191
206|152|248|194
209|153|247|191
207|155|245|193
203|155|245|197
207|149|251|193
213|149|251|187
212|154|246|188
201|157|243|199
203|153|247|197
208|154|246|192
210|150|250|190
210|154|246|190
209|159|241|191
209|151|249|191
206|152|248|194
213|151|249|187
212|152|248|188
205|157|243|195
208|154|246|192
208|154|246|192
205|155|245|195
206|150|250|194
212|152|248|188
216|156|244|184
203|153|245|195
203|149|249|195
211|151|247|187
204|150|248|194
206|154|244|192
211|155|243|187
209|153|247|191
206|154|246|194
208|154|246|192
216|150|250|184
210|152|248|190
203|153|247|197
204|154|244|194
208|152|246|190
208|150|248|190
209|151|247|189
212|152|246|186
205|151|247|193
207|155|249|197
211|157|247|193
215|157|247|189
209|155|249|195
210|152|252|194
206|150|250|194
206|156|244|194
207|153|247|193
206|154|248|192
213|153|249|185
210|152|248|190
210|152|248|190
207|155|245|193
208|154|246|192
210|150|250|190
207|153|247|193
209|151|249|191
204|150|250|196
212|154|246|188
212|156|244|188
205|155|245|195
210|152|248|190
210|152|248|190
205|151|249|195
209|153|247|191
210|154|246|190
210|148|252|190
212|150|250|188
208|152|248|192
205|153|247|195
208|154|246|192
207|157|243|193
208|152|248|192
213|147|253|187
209|151|249|191
209|151|247|189
205|151|247|193
204|150|248|194
214|154|244|184
210|154|244|188
203|151|247|195
199|149|249|199
213|151|247|185
214|152|246|184
208|152|246|190
209|153|245|189
206|154|246|194
206|154|246|194
211|151|249|189
208|152|248|192
202|154|246|198
207|151|249|193
212|152|248|188
209|155|245|191
202|152|248|198
211|151|249|189
211|151|249|189
214|154|246|186
207|153|247|193
203|149|251|197
206|152|248|194
206|152|248|194
215|149|251|185
214|152|248|186
209|153|247|191
209|153|247|191
205|151|249|195
207|153|247|193
207|153|247|193
207|151|249|193
213|149|251|187
212|152|248|188
209|155|245|191
209|153|247|191
209|147|253|191
204|152|248|196
209|151|249|191
215|149|251|185
209|155|245|191
206|152|248|194
207|153|247|193
212|154|246|188
213|147|253|187
205|153|247|195
205|153|247|195
212|150|250|188
209|149|251|191
206|152|250|196
211|153|249|191
209|157|245|193
209|155|247|193
212|152|250|190
208|150|250|192
205|149|251|195
211|151|249|189
212|154|246|188
206|152|248|194
207|147|253|193
214|154|246|186
212|152|248|188
207|151|249|193
206|154|246|194
210|154|246|190
213|149|251|187
205|151|249|195
204|154|246|196
210|150|250|190
210|154|246|190
211|151|249|189
209|145|255|191
211|151|249|189
213|155|245|187
206|152|248|194
201|155|245|199
208|148|252|192
214|150|250|186
212|152|246|186
203|151|247|195
205|151|247|193
207|149|249|191
204|150|248|194
208|150|248|190
216|150|250|184
208|150|250|192
207|151|249|193
208|150|250|192
211|151|249|189
208|152|248|192
207|151|249|193
208|152|248|192
209|155|245|191
209|153|247|191
206|152|250|192
215|159|241|185
212|152|248|188
207|147|253|193
206|150|250|194
204|146|254|196
214|152|248|186
209|155|245|191
211|151|249|189
208|150|250|192
207|151|249|193
212|152|248|188
209|153|247|191
209|151|249|191
210|150|250|190
207|153|247|193
211|153|247|189
212|148|252|188
205|145|255|195
207|153|247|193
211|153|247|189
206|150|250|194
202|152|248|198
208|150|250|192
214|150|250|186
211|155|245|189
205|151|249|195
210|150|250|190
206|152|248|194
204|150|250|196
213|153|247|187
211|151|249|189
206|150|250|194
210|148|252|190
208|146|254|192
206|152|248|194
209|153|249|193
208|152|250|194
216|152|250|186
215|149|253|187
206|154|248|196
200|156|246|202
209|147|253|191
213|149|251|187
209|149|251|191
210|150|250|190
208|154|246|192
210|152|248|190
212|152|252|192
211|153|251|193
208|154|250|196
211|153|251|193
215|153|251|189
211|155|249|193
203|151|249|197
208|150|250|192
211|151|249|189
209|151|249|191
207|153|247|193
207|149|251|193
207|149|251|193
205|151|249|195
212|154|246|188
209|151|249|191
208|152|248|192
210|152|248|190
211|145|255|189
207|145|255|193
208|150|250|192
215|153|247|185
207|151|249|193
202|150|250|198
211|151|249|189
214|152|248|186
207|145|255|193
211|147|253|189
207|151|249|193
211|153|247|189
212|154|246|188
207|151|249|193
204|150|250|196
202|148|252|198
211|147|255|187
213|153|247|187
208|154|246|192
206|152|248|194
210|146|254|190
209|147|253|191
211|151|249|189
217|153|247|183
207|151|249|193
203|147|253|197
206|152|248|194
209|153|247|191
212|152|248|188
210|150|250|190
210|150|250|190
208|150|250|192
206|148|252|194
212|152|248|188
211|149|251|189
208|146|254|192
203|151|249|197
205|151|249|195
210|150|250|190
210|152|248|190
210|150|250|190
213|149|251|187
209|149|251|191
206|152|248|194
206|154|246|194
209|151|249|191
214|152|248|186
205|149|251|195
206|148|252|194
212|148|252|188
210|148|252|190
206|150|250|194
199|153|247|201
205|151|249|195
209|151|249|191
211|151|249|189
211|147|253|189
213|145|255|187
211|151|249|189
207|153|247|193
206|148|252|194
212|150|250|188
206|150|250|194
205|151|249|195
214|154|246|186
208|148|252|192
207|151|249|193
205|153|247|195
212|146|254|188
214|148|252|186
211|149|251|189
210|152|248|190
207|149|251|193
207|149|251|193
207|149|251|193
206|148|252|194
214|152|248|186
213|151|249|187
205|151|249|195
210|148|252|190
213|147|253|187
210|148|252|190
209|149|251|191
208|150|250|192
211|155|245|189
212|152|248|188
205|153|247|195
206|148|252|194
209|143|257|191
206|148|252|194
213|149|251|187
212|150|250|188
208|152|248|192
208|150|250|192
206|150|250|194
210|150|250|190
213|147|253|187
208|152|248|192
207|151|249|193
208|148|252|192
208|148|252|192
204|148|252|196
210|148|252|190
215|147|253|185
210|152|248|190
209|153|247|191
213|149|251|187
208|150|250|192
200|150|250|200
206|150|250|194
210|150|250|190
204|150|250|196
205|149|251|195
209|151|249|191
209|149|251|191
211|147|253|189
213|151|249|187
213|147|253|187
208|148|252|192
208|152|248|192
208|152|248|192
203|149|251|197
209|149|251|191
217|149|251|183
209|151|249|191
203|149|251|197
209|149|251|191
214|150|252|188
215|147|255|187
212|150|252|190
207|151|251|195
206|154|248|196
213|149|253|189
207|145|255|193
208|152|248|192
209|149|251|191
208|144|256|192
212|152|248|188
212|150|250|188
212|148|252|188
210|148|252|190
202|148|252|198
209|147|253|191
211|147|253|189
203|151|249|197
212|150|250|188
214|150|250|186
205|151|249|195
207|149|251|193
209|149|251|191
210|146|254|190
211|151|249|189
204|152|248|196
207|145|255|193
209|147|253|191
211|151|249|189
209|153|247|191
210|150|250|190
206|148|252|194
210|148|252|190
217|149|251|183
210|150|250|190
207|149|251|193
209|149|251|191
215|147|253|185
213|149|251|187
205|149|251|195
202|144|256|198
211|151|249|189
212|154|246|188
207|149|251|193
210|146|254|190
209|149|251|191
208|154|246|192
209|149|251|191
209|147|253|191
208|148|252|192
207|151|249|193
210|148|252|190
211|143|257|189
211|149|251|189
210|152|248|190
210|148|252|190
210|148|252|190
204|150|250|196
208|150|250|192
209|149|251|191
206|144|256|194
210|150|250|190
205|149|251|195
205|149|251|195
213|149|249|185
219|149|249|179
206|144|254|192
204|148|250|194
209|151|247|189
210|146|252|188
207|147|253|193
211|151|249|189
207|147|253|193
202|144|256|198
215|149|251|185
210|152|248|190
206|146|254|194
208|142|258|192
207|149|251|193
210|148|252|190
209|147|253|191
207|149|251|193
210|154|246|190
210|146|254|190
206|148|252|194
209|155|245|191
212|148|252|188
209|149|251|191
212|150|250|188
210|146|254|190
204|146|254|196
209|149|251|191
212|148|252|188
209|149|251|191
211|147|253|189
207|147|253|193
207|151|249|193
212|148|252|188
216|146|254|184
208|148|252|192
208|148|252|192
211|147|253|189
207|149|251|193
207|149|251|193
209|147|253|191
215|147|253|185
209|147|253|191
209|149|251|191
209|143|257|191
208|144|256|192
210|154|246|190
207|149|251|193
207|145|255|193
209|145|255|191
209|149|251|191
211|149|251|189
210|148|252|190
206|144|256|194
206|150|250|194
211|151|249|189
216|146|254|184
205|143|257|195
207|149|251|193
207|147|251|191
207|143|255|191
209|147|251|189
209|149|249|189
207|147|251|191
209|149|253|193
211|151|251|191
206|148|254|196
208|146|256|194
211|147|255|191
212|152|250|190
213|147|253|187
212|150|250|188
205|147|253|195
206|144|256|194
211|147|253|189
209|147|253|191
209|149|251|191
211|151|249|189
210|148|252|190
208|148|252|192
208|150|250|192
214|144|256|186
208|144|256|192
209|149|251|191
210|154|246|190
211|147|253|189
206|144|256|194
207|147|253|193
211|145|255|189
205|147|253|195
205|147|253|195
212|146|254|188
215|151|249|185
209|153|247|191
210|146|254|190
211|147|253|189
209|149|251|191
209|145|255|191
208|148|252|192
207|149|251|193
209|147|253|191
210|146|254|190
212|146|254|188
206|148|252|194
206|150|250|194
214|148|252|186
208|146|254|192
208|148|252|192
212|146|254|188
210|146|254|190
205|147|253|195
212|150|250|188
215|145|255|185
204|146|254|196
202|152|248|198
210|146|254|190
211|149|253|191
207|149|253|195
211|147|255|191
210|148|254|192
213|147|255|189
211|149|253|191
212|150|252|190
210|146|254|190
203|145|255|197
206|150|250|194
208|148|252|192
211|145|255|189
207|145|249|187
205|145|249|189
211|139|255|183
205|145|249|189
201|147|247|193
209|143|251|185
213|149|257|193
213|149|257|193
218|154|252|188
216|152|254|190
212|150|256|194
207|147|253|193
206|146|254|194
210|146|254|190
213|147|253|187
206|146|254|194
204|146|254|196
213|149|251|187
207|147|251|191
208|146|252|190
210|148|250|188
208|146|252|190
209|143|255|189
206|146|254|194
207|147|253|193
217|147|253|183
210|148|252|190
206|148|252|194
208|144|256|192
213|143|257|187
209|149|251|191
211|147|253|189
207|147|253|193
206|146|254|194
214|150|250|186
209|147|253|191
211|145|255|189
212|144|256|188
209|147|253|191
209|147|253|191
209|147|253|191
207|151|249|193
204|146|254|196
212|146|254|188
215|145|255|185
201|145|255|199
206|146|254|194
210|150|250|190
208|148|252|192
211|143|257|189
210|148|252|190
206|146|254|194
211|145|255|189
211|149|251|189
212|146|254|188
211|143|257|189
204|146|254|196
210|152|248|190
209|145|255|191
207|147|253|193
210|150|250|190
214|146|254|186
214|146|254|186
210|146|254|190
203|147|253|197
208|144|256|192
214|146|254|186
207|149|251|193
202|146|254|198
209|145|255|191
211|145|255|189
211|145|255|189
210|142|258|190
208|150|250|192
211|151|249|189
212|146|256|190
214|146|256|188
207|145|257|195
205|147|255|197
210|150|252|192
208|146|256|194
212|144|256|188
216|150|250|184
209|147|253|191
205|143|257|195
207|147|253|193
211|147|253|189
210|148|252|190
204|148|252|196
208|142|258|192
210|144|256|190
208|146|254|192
209|147|253|191
209|149|251|191
214|148|252|186
208|144|256|192
211|147|253|189
213|145|255|187
209|145|255|191
209|147|255|193
209|145|257|193
212|146|256|190
211|147|255|191
214|148|254|188
210|146|256|192
209|147|253|191
210|146|254|190
209|145|255|191
208|146|254|192
204|146|254|196
206|146|254|194
211|145|255|189
218|146|254|182
207|147|253|193
209|145|255|191
211|143|257|189
207|143|257|193
214|150|250|186
213|151|249|187
209|145|255|191
206|146|254|194
204|148|252|196
209|145|255|191
212|146|254|188
207|143|257|193
207|143|257|193
214|146|254|186
206|150|250|194
205|149|251|195
210|142|258|190
214|146|254|186
214|146|254|186
205|147|253|195
203|145|255|197
216|142|258|184
213|147|253|187
210|148|252|190
209|145|255|191
209|147|253|191
208|144|256|192
206|142|258|194
211|145|255|189
217|147|253|183
207|145|255|193
200|148|252|200
209|145|255|191
212|144|256|188
210|146|254|190
213|145|255|187
210|146|254|190
205|147|253|195
212|148|252|188
212|148|252|188
206|144|256|194
209|143|257|191
209|145|255|191
207|147|253|193
212|146|254|188
213|145|255|187
210|146|254|190
211|141|259|189
205|143|257|195
204|146|254|196
214|146|254|186
216|146|254|184
208|146|254|192
206|150|250|194
209|143|257|191
208|142|258|192
211|147|253|189
215|145|255|185
210|148|252|190
205|147|253|195
206|144|256|194
210|144|256|190
210|146|254|190
211|147|253|189
209|145|255|191
212|144|256|188
208|146|254|192
202|146|256|200
211|145|257|191
215|151|251|187
212|148|254|190
210|144|258|192
213|145|257|189
208|144|258|194
208|144|258|194
212|148|254|190
210|148|254|192
207|147|257|193
210|144|256|190
214|144|256|186
210|146|254|190
205|145|255|195
212|146|254|188
209|145|255|191
210|142|258|190
209|147|253|191
211|147|253|189
207|145|255|193
205|145|255|195
213|143|257|187
211|143|257|189
211|145|255|189
207|145|255|193
205|145|255|195
210|146|254|190
215|149|251|185
207|145|255|193
205|143|257|195
210|146|254|190
214|146|254|186
211|145|255|189
209|141|259|191
211|143|257|189
209|147|253|191
209|149|251|191
208|142|258|192
208|144|256|192
214|148|252|186
208|148|252|192
204|142|258|196
210|144|256|190
212|144|256|188
209|145|255|191
205|149|251|195
208|146|256|194
215|143|259|187
214|142|260|188
211|145|257|191
211|147|255|191
207|145|255|193
208|146|254|192
207|147|253|193
208|144|256|192
212|144|256|188
213|147|253|187
211|145|255|189
207|143|257|193
203|145|255|197
216|148|252|184
213|147|253|187
208|142|258|192
212|144|256|188
209|147|253|191
212|140|260|188
211|147|253|189
210|148|252|190
209|143|257|191
208|144|256|192
209|143|257|191
208|142|258|192
208|148|252|192
207|145|255|193
211|145|255|189
212|148|252|188
207|143|257|193
209|141|259|191
210|146|254|190
211|147|253|189
215|141|259|185
210|144|256|190
205|147|253|195
209|145|255|191
216|142|258|184
205|141|259|195
209|145|255|191
214|146|254|186
210|144|256|190
205|143|257|195
211|141|259|189
216|144|256|184
206|148|252|194
206|144|256|194
212|144|256|188
214|144|256|186
211|147|253|189
205|145|255|195
210|146|256|192
215|147|255|187
212|144|258|190
204|142|260|198
211|145|257|191
212|146|256|190
209|143|257|191
210|148|252|190
210|142|258|190
213|141|259|187
209|147|253|191
207|147|253|193
209|143|255|189
206|144|254|192
204|142|256|194
211|141|257|187
209|141|257|189
214|144|256|186
212|144|256|188
209|145|255|191
211|143|257|189
209|145|255|191
208|144|256|192
208|144|256|192
211|143|257|189
211|141|259|189
208|146|254|192
212|146|254|188
210|142|258|190
203|143|257|197
208|148|252|192
217|145|255|183
212|142|258|188
210|146|254|190
209|143|257|191
206|142|258|194
208|146|254|192
204|146|254|196
209|141|259|191
215|143|257|185
211|143|257|189
214|142|258|186
212|146|254|188
204|142|258|196
207|143|257|193
206|144|256|194
210|144|256|190
216|146|254|184
211|143|257|189
209|143|257|191
210|146|254|190
211|143|257|189
210|144|256|190
207|143|257|193
204|142|258|196
213|147|253|187
215|141|259|185
207|139|261|193
203|149|251|197
209|145|255|191
210|144|256|190
212|146|254|188
207|139|261|193
214|144|256|186
212|146|256|190
205|139|263|197
210|142|260|192
212|146|256|190
207|143|259|195
212|146|256|190
216|144|256|184
207|141|259|193
209|143|257|191
215|147|253|185
209|143|257|191
211|143|257|189
211|143|257|189
202|142|258|198
209|145|255|191
210|146|254|190
212|142|258|188
216|142|260|186
211|145|257|191
210|148|254|192
210|144|258|192
208|142|260|194
209|145|259|191
210|140|260|190
207|145|255|193
208|146|254|192
208|138|262|192
213|141|259|187
210|142|258|190
214|144|256|186
209|145|255|191
209|147|253|191
208|142|258|192
208|140|260|192
214|142|258|186
206|144|256|194
211|145|255|189
212|144|256|188
208|142|258|192
209|141|259|191
209|143|257|191
209|143|257|191
212|144|256|188
210|144|256|190
208|142|258|192
207|145|255|193
212|142|258|188
210|142|258|190
208|144|256|192
213|139|261|187
214|140|260|186
212|146|254|188
210|146|254|190
211|143|257|189
205|137|263|195
205|141|259|195
211|145|255|189
211|147|253|189
212|142|258|188
209|139|261|191
205|143|257|195
211|143|257|189
213|143|257|187
209|147|253|191
209|141|259|191
210|142|258|190
214|146|254|186
207|139|261|193
206|142|258|194
211|145|255|189
215|145|255|185
213|141|259|187
209|143|257|191
207|141|259|193
211|143|257|189
208|144|256|192
211|141|259|189
213|143|257|187
210|146|254|190
208|142|258|192
211|143|257|189
214|144|256|186
207|139|261|193
208|142|258|192
209|147|253|191
210|142|258|190
211|139|261|189
208|144|256|192
210|140|260|190
212|144|256|188
209|143|257|191
209|141|259|191
212|144|256|188
208|144|256|192
207|139|261|193
211|139|261|189
212|142|258|188
211|141|259|189
207|145|255|193
209|141|259|191
211|143|257|189
208|146|254|192
204|142|258|196
212|140|260|188
214|140|260|186
213|143|257|187
213|143|257|187
209|141|259|191
206|144|256|194
207|147|253|193
209|141|257|189
209|137|261|189
211|143|255|187
214|144|254|184
210|138|260|188
207|143|255|191
206|142|256|192
204|142|256|194
213|139|259|185
210|140|258|188
208|140|258|190
210|140|258|188
211|141|259|189
211|143|257|189
207|143|257|193
213|141|259|187
212|144|256|188
205|149|253|193
209|141|261|189
210|140|260|190
207|143|257|193
210|142|258|190
212|144|256|188
210|140|260|190
211|137|263|189
208|144|256|192
210|142|258|190
210|138|262|190
211|143|257|189
213|147|253|187
212|142|258|188
210|142|258|190
209|143|257|191
208|140|260|192
207|143|257|193
212|144|256|188
215|139|261|185
215|139|261|185
207|143|257|193
206|144|256|194
218|146|254|182
210|140|260|190
207|139|261|193
208|142|258|192
210|146|254|190
216|144|256|184
209|141|259|191
202|138|262|198
212|142|258|188
217|145|255|183
209|143|257|191
209|143|257|191
212|140|260|188
208|142|258|192
209|143|257|191
211|141|259|189
212|138|262|188
206|142|258|194
212|142|258|188
215|143|257|185
208|144|256|192
208|140|260|192
212|140|260|188
205|141|259|195
208|142|258|192
216|144|256|184
212|142|258|188
206|140|260|194
207|139|261|193
210|142|258|190
211|141|259|189
214|142|258|186
210|142|258|190
203|141|259|197
207|145|255|193
216|144|256|184
214|138|262|186
203|139|261|197
209|141|259|191
215|139|261|185
208|144|256|192
205|143|257|195
212|140|260|188
212|142|258|188
209|145|255|191
208|142|258|192
207|141|259|193
213|141|259|187
209|145|255|191
209|141|259|191
211|137|263|189
211|141|259|189
215|143|257|185
208|144|256|192
212|142|260|190
213|141|261|189
209|143|259|193
210|140|262|192
210|142|260|192
209|145|255|191
214|140|260|186
210|138|262|190
209|143|257|191
208|142|258|192
210|138|262|190
215|143|257|185
209|141|259|191
207|139|261|193
212|138|262|188
212|142|258|188
211|143|257|189
207|141|259|193
210|140|260|190
215|143|257|185
210|142|258|190
209|139|261|191
208|138|262|192
212|142|258|188
209|143|257|191
207|139|261|193
212|140|260|188
212|144|256|188
211|141|259|189
215|143|257|185
206|140|260|194
204|138|262|196
214|142|258|186
219|141|259|181
203|139|261|197
203|141|259|197
211|141|259|189
213|143|257|187
211|139|261|189
208|140|260|192
209|141|259|191
214|138|262|186
215|143|257|185
206|142|258|194
207|139|261|193
214|140|260|186
216|140|258|182
208|140|258|190
209|141|257|189
209|145|253|189
205|137|261|193
207|139|259|191
214|142|262|190
214|140|264|190
214|148|256|190
217|143|261|187
211|143|261|193
209|139|261|191
209|139|261|191
205|141|259|195
208|140|260|192
207|141|259|193
212|140|260|188
211|141|259|189
210|140|260|190
214|142|258|186
216|138|262|184
213|139|261|187
210|144|256|190
207|141|261|191
212|142|260|186
208|140|260|192
209|141|259|191
208|144|256|192
210|140|260|190
212|140|260|188
214|140|260|186
214|142|258|186
204|140|260|196
208|140|260|192
213|141|259|187
214|140|260|186
206|140|260|194
203|141|259|197
208|142|260|190
210|140|262|188
216|140|260|184
207|141|257|191
210|140|258|188
210|140|258|188
204|136|262|194
214|140|258|184
209|141|257|189
206|140|258|192
213|137|261|185
206|140|258|192
208|140|258|190
207|139|259|191
211|141|259|189
212|140|260|188
209|139|261|191
208|140|260|192
210|138|264|188
214|140|262|184
211|143|257|189
212|142|258|188
213|135|265|187
211|141|259|189
210|142|258|190
205|139|261|195
207|137|263|193
212|138|262|188
214|142|258|186
209|141|259|191
206|138|262|194
211|143|257|189
208|140|260|192
211|139|263|187
215|147|255|183
210|140|260|190
208|140|260|192
211|139|261|189
217|139|261|183
211|143|257|189
206|140|260|194
205|139|261|195
212|140|260|188
214|142|258|186
211|141|257|187
204|138|260|194
208|138|260|190
212|140|258|186
212|140|258|186
214|138|262|186
208|140|260|192
207|143|257|193
209|141|259|191
212|138|262|188
211|135|265|189
212|142|258|188
213|141|259|187
208|140|260|192
203|139|261|197
208|138|262|192
211|141|259|189
215|139|261|185
208|138|262|192
208|142|258|192
210|140|260|190
211|139|261|189
212|138|262|188
212|140|260|188
210|140|260|190
205|139|261|195
216|140|260|184
216|140|260|184
206|136|258|188
204|134|260|190
205|137|257|189
207|137|257|187
209|137|257|185
208|136|258|186
208|140|260|192
209|141|259|191
209|139|261|191
214|140|260|186
213|141|259|187
208|138|262|192
213|143|257|187
207|141|259|193
208|134|266|192
215|141|259|185
208|140|260|192
209|141|259|191
211|139|259|187
213|137|261|185
212|140|258|186
202|138|260|196
205|137|261|193
212|136|262|186
209|139|261|191
212|140|260|188
214|140|260|186
209|139|261|191
210|138|262|190
214|142|258|186
206|142|258|194
209|139|261|191
213|139|261|187
210|138|262|190
207|143|257|193
207|137|263|193
211|137|263|189
213|141|259|187
212|140|260|188
207|139|261|193
212|140|260|188
216|140|260|184
204|136|264|196
204|134|266|196
210|140|260|190
214|140|260|186
218|138|262|182
213|141|259|187
209|139|261|191
204|136|264|196
210|142|258|190
215|143|257|185
211|141|261|191
211|141|261|191
210|140|262|192
217|143|259|185
211|139|263|191
203|137|265|199
216|138|262|184
211|139|261|189
210|138|262|190
209|137|263|191
211|139|261|189
213|143|257|187
206|140|258|192
207|135|263|191
212|140|258|186
212|140|258|186
210|136|262|188
211|135|263|187
213|139|261|187
212|142|258|188
212|140|260|188
205|139|261|195
210|140|260|190
215|141|259|185
209|139|261|191
209|135|265|191
212|138|262|188
212|138|262|188
208|138|262|192
205|143|257|195
216|142|258|184
214|136|264|186
213|139|261|187
213|143|257|187
208|138|262|192
210|134|266|190
208|140|260|192
202|142|258|198
208|138|262|192
215|141|259|185
215|139|261|185
210|134|266|190
204|140|260|196
215|141|259|185
212|138|262|188
206|138|262|194
208|138|262|192
210|140|258|188
206|136|262|192
204|134|264|194
216|140|258|182
213|139|259|185
208|138|260|190
212|140|260|188
212|142|258|188
207|141|259|193
213|137|263|187
213|139|261|187
204|140|260|196
208|136|264|192
215|137|263|185
210|138|262|190
208|140|260|192
214|140|260|186
208|138|264|194
212|140|262|190
212|144|258|190
206|138|264|196
212|140|262|190
215|141|261|187
214|136|264|186
212|138|262|188
212|138|262|188
214|140|260|186
204|140|260|196
203|135|265|197
214|138|262|186
214|142|258|186
203|139|261|197
209|135|265|191
215|139|261|185
215|139|261|185
207|137|263|193
212|138|262|188
206|140|260|194
209|139|261|191
214|136|264|186
208|140|260|192
209|139|261|191
208|136|264|192
212|142|258|188
212|142|258|188
213|137|263|187
209|135|265|191
205|137|263|195
216|138|262|184
212|140|260|188
211|137|263|189
216|138|262|184
208|138|262|192
206|136|264|194
210|136|264|190
213|139|261|187
211|143|257|189
208|138|262|192
211|135|265|189
216|136|264|184
209|141|259|191
211|139|261|189
214|136|264|186
211|141|259|189
209|143|259|193
210|138|264|192
211|133|269|191
211|139|263|191
208|144|258|194
212|138|264|190
216|136|264|184
210|138|262|190
205|135|265|195
208|138|262|192
216|140|260|184
216|136|264|184
210|134|266|190
211|139|261|189
207|137|263|193
207|135|265|193
211|137|263|189
210|138|262|190
212|136|264|188
211|139|261|189
213|141|259|187
209|137|263|191
211|137|263|189
217|139|261|183
208|138|262|192
209|137|263|191
208|136|264|192
216|138|262|184
216|140|260|184
208|138|262|192
212|138|262|188
214|138|262|186
212|138|262|188
209|137|263|191
207|137|263|193
213|139|263|189
211|141|261|191
211|141|261|191
210|140|262|192
212|136|266|190
217|135|267|185
214|138|262|186
209|137|263|191
202|136|264|198
210|142|258|190
213|137|263|187
209|133|267|191
211|139|261|189
212|140|260|188
209|139|261|191
213|135|265|187
214|136|264|186
209|139|261|191
210|138|260|188
209|135|263|189
212|136|262|186
209|137|261|189
208|134|264|190
207|139|261|193
212|138|262|188
215|137|263|185
208|138|262|192
209|135|265|191
214|136|264|186
211|141|259|189
214|138|262|186
211|135|265|189
205|139|261|195
215|139|261|185
210|136|264|190
208|138|262|192
212|136|264|188
211|133|267|189
213|137|263|187
207|141|259|193
212|138|262|188
213|133|267|187
211|137|263|189
211|135|265|189
205|139|261|195
210|142|258|190
212|138|262|188
214|140|260|186
207|135|265|193
208|132|268|192
211|137|263|189
208|136|264|192
210|138|262|190
214|140|260|186
211|135|265|189
206|134|266|194
211|141|259|189
212|138|262|188
208|138|262|192
214|136|264|186
218|136|264|182
211|133|267|189
213|135|265|187
209|143|257|191
202|136|264|198
212|136|264|188
214|140|260|186
207|137|263|193
207|133|267|193
215|137|263|185
211|135|265|189
209|139|261|191
213|141|259|187
207|135|265|193
208|136|264|192
211|139|261|189
212|132|268|188
215|135|265|185
211|137|263|189
209|137|263|191
210|140|260|190
212|134|266|188
208|136|264|192
205|143|259|193
211|137|265|187
216|130|270|184
212|136|264|188
208|138|262|192
208|138|262|192
207|137|263|193
213|139|261|187
212|140|260|188
210|134|266|190
218|132|270|184
211|139|263|191
212|144|258|190
213|135|267|189
209|133|269|193
211|135|265|189
214|138|262|186
210|138|262|190
209|135|265|191
209|137|263|191
212|138|262|188
215|139|261|185
208|136|264|192
209|137|263|191
213|133|267|187
213|135|265|187
208|140|260|192
208|136|264|192
216|136|264|184
213|137|263|187
204|136|264|196
211|133|267|189
217|133|267|183
214|140|260|186
208|138|262|192
210|136|264|190
211|133|267|189
206|136|264|194
206|138|262|194
211|135|265|189
214|140|260|186
211|139|261|189
208|134|266|192
209|135|265|191
212|134|266|188
210|136|262|188
207|137|261|191
209|135|263|189
216|136|262|182
212|134|264|186
203|135|263|195
208|134|266|192
217|137|263|183
223|141|259|177
211|139|261|189
208|138|262|192
206|134|266|194
210|134|266|190
214|136|264|186
213|137|263|187
208|136|264|192
202|138|262|198
214|136|264|186
213|133|267|187
209|139|261|191
211|139|261|189
215|135|265|185
210|136|264|190
206|134|266|194
212|136|264|188
211|139|261|189
209|139|261|191
209|135|265|191
213|131|269|187
211|135|265|189
210|136|264|190
213|135|265|187
212|134|266|188
206|136|264|194
212|138|262|188
215|139|261|185
210|138|262|190
205|135|265|195
211|135|265|189
218|134|266|182
212|136|264|188
211|137|263|189
212|134|266|188
206|138|264|192
202|136|266|196
214|132|268|186
213|137|263|187
207|137|263|193
211|137|263|189
215|135|265|185
210|134|266|190
210|138|262|190
215|139|263|187
210|136|266|192
211|137|265|191
216|138|264|186
208|138|264|194
205|137|265|197
213|135|265|187
212|132|268|188
208|132|268|192
211|137|263|189
211|135|265|189
213|137|263|187
209|141|259|191
213|137|263|187
213|133|267|187
210|134|266|190
205|137|263|195
208|130|270|192
210|136|264|190
206|142|258|194
216|134|266|184
213|133|267|187
210|136|264|190
218|136|266|184
213|141|261|189
210|140|262|192
210|134|268|192
209|133|269|193
215|137|265|187
217|137|263|183
209|135|265|191
211|135|265|189
216|136|264|184
206|136|264|194
209|133|267|191
209|135|265|191
214|138|262|186
210|136|264|190
208|134|266|192
210|134|266|190
216|138|262|184
216|134|266|184
210|134|266|190
210|134|266|190
208|136|264|192
207|135|265|193
214|138|264|188
213|139|263|189
206|134|268|196
213|133|269|189
217|137|265|185
211|139|263|191
209|133|267|191
212|132|268|188
209|135|265|191
209|133|267|191
207|137|263|193
211|137|263|189
214|134|266|186
209|133|267|191
208|138|262|192
215|137|263|185
209|135|265|191
207|133|267|193
212|130|270|188
212|134|266|188
211|135|265|189
215|139|261|185
214|136|264|186
208|132|268|192
212|136|264|188
216|134|266|184
211|137|263|189
207|139|261|193
207|135|265|193
210|130|268|188
216|132|266|182
213|137|261|185
211|133|265|187
216|134|264|182
203|133|265|195
204|132|266|194
212|136|264|188
210|140|260|190
213|133|267|187
210|132|268|190
207|135|265|193
209|137|263|191
214|136|264|186
216|134|266|184
211|137|263|189
208|134|266|192
210|130|270|190
212|136|264|188
210|136|266|188
207|133|269|191
212|136|264|188
216|136|264|184
210|134|266|190
208|138|262|192
216|134|266|184
211|131|269|189
211|137|263|189
211|137|263|189
209|131|269|191
206|132|268|194
210|134|266|190
215|137|263|185
216|138|262|184
210|134|266|190
212|134|270|192
216|136|268|188
212|136|268|192
210|136|268|194
214|138|266|190
213|135|269|191
210|134|266|190
210|136|264|190
208|132|268|192
213|135|265|187
215|137|263|185
209|135|265|191
210|136|264|190
211|131|269|189
214|134|266|186
207|135|265|193
208|134|266|192
216|136|264|184
215|133|269|187
211|137|265|191
213|135|267|189
213|131|271|189
208|140|262|194
211|137|265|191
212|134|266|188
212|136|264|188
208|136|264|192
211|133|267|189
212|132|268|188
212|132|268|188
213|135|265|187
206|136|264|194
212|136|264|188
217|133|267|183
209|135|265|191
212|136|264|188
208|134|266|192
209|135|265|191
215|133|267|185
211|131|269|189
209|137|263|191
205|137|263|195
209|133|267|191
216|132|268|184
214|134|266|186
208|134|266|192
208|132|268|192
215|133|267|185
213|135|265|187
208|136|264|192
207|131|269|193
212|132|268|188
213|135|265|187
209|135|265|191
209|133|267|191
216|132|268|184
211|135|265|189
205|137|263|195
208|130|270|192
212|132|266|186
211|131|267|187
214|130|268|184
210|134|264|188
209|135|263|189
208|136|264|192
208|132|268|192
217|133|267|183
216|134|266|184
215|135|265|185
211|137|263|189
204|130|270|196
216|136|264|184
209|135|265|191
207|131|269|193
217|131|269|183
211|135|265|189
212|132|268|188
204|132|268|196
212|138|262|188
214|136|264|186
208|134|266|192
211|133|267|189
215|133|267|185
212|130|270|188
210|134|266|190
206|136|264|194
212|132|268|188
216|130|270|184
215|135|267|187
209|137|265|193
209|137|265|193
217|135|267|185
211|133|269|191
211|131|269|189
211|133|267|189
210|134|266|190
206|134|266|194
204|136|264|196
222|136|264|178
216|130|270|184
209|131|269|191
214|134|266|186
216|134|266|184
206|134|266|194
206|134|266|194
211|131|269|189
213|131|269|187
216|134|266|184
213|133|267|187
213|135|265|187
210|132|268|190
213|137|265|189
212|138|264|190
210|136|266|192
208|130|272|194
208|134|268|194
214|136|264|186
216|132|268|184
208|128|272|192
203|131|269|197
210|134|266|190
214|136|264|186
208|132|268|192
214|132|268|186
213|135|265|187
210|136|264|190
216|130|270|184
211|131|269|189
208|134|264|190
211|133|265|187
209|129|269|189
207|131|267|191
209|133|265|189
206|136|262|192
219|131|271|183
217|131|271|185
209|133|269|193
214|134|268|188
215|133|269|187
211|135|267|191
212|134|266|188
211|127|273|189
214|132|268|186
215|137|263|185
210|134|266|190
209|135|265|191
211|131|269|189
207|131|269|193
209|135|265|191
215|135|265|185
219|131|269|181
209|133|267|191
208|134|266|192
209|131|269|191
209|133|267|191
213|133|267|187
214|134|266|186
214|132|268|186
206|132|268|194
207|135|265|193
214|130|270|186
220|130|270|180
209|135|265|191
207|137|263|193
210|134|266|190
210|132|268|190
208|134|266|192
206|128|272|194
214|132|268|186
213|135|265|187
211|131|269|189
211|129|271|189
208|132|268|192
209|135|265|191
213|135|265|187
215|137|263|185
213|133|267|187
213|129|271|187
209|131|269|191
213|135|265|187
208|132|268|192
210|132|268|190
219|135|265|181
214|132|268|186
209|133|267|191
210|132|268|190
214|130|270|186
205|133|265|193
209|131|267|189
215|131|267|183
212|132|266|186
205|131|267|193
213|135|265|187
213|135|265|187
207|125|275|193
215|131|269|185
210|134|266|190
209|135|265|191
213|131|271|189
208|134|270|192
213|133|271|187
215|133|269|187
214|136|266|188
214|130|272|188
210|132|268|190
212|134|266|188
211|137|263|189
207|133|267|193
215|131|269|185
221|131|269|179
202|130|270|198
205|131|269|195
211|135|265|189
215|133|267|185
216|130|270|184
211|135|265|189
210|134|266|190
213|129|271|187
214|132|268|186
207|135|265|193
208|132|268|192
209|129|271|191
206|132|268|194
212|134|266|188
213|131|269|187
208|130|270|192
210|130|270|190
213|133|267|187
212|132|268|188
215|133|267|185
211|135|265|189
207|129|271|193
211|131|269|189
214|132|268|186
217|135|265|183
210|132|268|190
208|130|270|192
212|132|268|188
216|136|264|184
210|132|268|190
209|131|269|191
213|131|269|187
216|132|268|184
207|131|269|193
207|133|267|193
209|131|269|191
216|132|268|184
210|136|264|190
208|130|270|192
215|129|271|185
217|135|265|183
210|134|266|190
211|131|269|189
214|132|268|186
211|131|269|189
207|129|271|193
209|131|269|191
212|132|268|188
212|136|264|188
208|134|266|192
213|131|269|187
216|130|270|184
210|130|270|190
211|131|269|189
210|134|266|190
211|133|267|189
214|128|272|186
208|130|270|192
212|134|266|188
212|132|268|188
207|127|273|193
212|130|270|188
212|134|266|188
208|132|268|192
213|131|269|187
217|135|265|183
213|133|267|187
212|130|270|188
210|130|270|190
205|131|269|195
210|130|270|190
214|132|268|186
217|135|265|183
215|133|267|185
206|132|268|194
204|132|268|196
217|129|271|183
217|129|271|183
212|132|268|188
204|132|268|196
208|134|266|192
213|129|269|185
208|130|268|190
211|131|267|187
214|128|270|184
212|130|268|186
212|132|266|186
213|133|267|187
205|131|269|195
206|132|268|194
214|130|270|186
208|128|272|192
212|134|266|188
213|133|267|187
207|131|269|193
208|132|268|192
215|129|271|185
217|131|269|183
211|131|269|189
211|129|271|189
210|132|268|190
208|130|270|192
209|131|269|191
208|130|270|192
216|130|270|184
216|134|266|184
216|134|266|184
210|132|268|190
204|128|272|196
212|132|268|188
211|131|269|189
208|130|270|192
209|137|263|191
218|132|268|182
214|130|270|186
208|132|268|192
210|134|266|190
213|133|267|187
210|132|268|190
208|132|268|192
215|129|271|185
212|128|272|188
212|130|270|188
211|131|269|189
208|134|266|192
209|131|269|191
216|132|268|184
214|134|266|186
209|127|273|191
217|131|269|183
208|132|268|192
208|132|268|192
210|132|268|190
205|129|271|195
211|135|265|189
213|131|269|187
216|124|276|184
215|129|271|185
210|130|270|190
211|133|267|189
210|132|268|190
210|128|272|190
209|133|267|191
206|134|266|194
212|130|270|188
216|132|268|184
214|130|270|186
216|128|272|184
212|130|270|188
205|129|271|195
208|134|266|192
210|134|266|190
216|128|272|184
212|130|270|188
211|129|271|189
213|129|271|187
210|134|266|190
210|132|268|190
208|130|270|192
212|130|270|188
217|131|269|183
213|131|269|187
212|130|270|188
216|130|270|184
212|134|266|188
208|134|266|192
211|131|269|189
208|130|270|192
211|129|271|189
213|131|269|187
210|132|268|190
214|130|270|186
212|130|270|188
208|130|270|192
211|127|273|189
212|128|272|188
214|134|266|186
214|130|270|186
211|131|269|189
207|131|269|193
210|130|270|190
213|133|267|187
213|131|269|187
210|132|268|190
208|130|270|192
209|129|271|191
210|130|270|190
210|130|270|190
215|131|269|185
215|129|271|185
210|128|272|190
206|132|268|194
215|133|267|185
215|129|271|185
212|132|268|188
213|133|267|187
211|127|273|189
209|131|269|191
207|129|269|191
210|128|270|188
212|130|268|186
207|129|269|191
210|128|270|188
216|128|272|184
212|130|270|188
209|131|269|191
210|132|268|190
213|131|269|187
213|131|269|187
208|132|268|192
212|130|270|188
210|128|272|190
214|128|272|186
219|131|269|181
209|129|271|191
211|131|269|189
215|133|267|185
207|131|269|193
212|132|268|188
216|130|270|184
212|126|274|188
205|129|269|193
207|129|269|191
213|129|269|185
213|131|267|185
208|128|270|190
209|129|269|189
214|128|270|184
212|126|272|186
209|133|265|189
208|132|266|190
210|126|272|188
217|127|273|183
207|133|267|193
210|132|268|190
212|130|270|188
216|130|270|184
218|130|270|182
213|129|271|187
205|127|273|195
211|127|273|189
213|129|271|187
208|132|268|192
211|133|267|189
217|131|269|183
214|128|272|186
211|129|271|189
206|128|272|194
212|128|272|188
215|133|267|185
213|129|271|187
215|127|273|185
212|134|266|188
206|134|266|194
208|130|270|192
210|128|272|190
212|128|272|188
215|133|267|185
213|131|269|187
217|129|271|183
208|128|272|192
207|127|273|193
210|132|268|190
209|135|265|191
216|126|274|184
210|126|274|190
211|129|271|189
216|132|270|186
209|129|273|193
209|131|271|193
213|129|273|189
217|129|273|185
212|134|268|190
207|131|269|193
213|127|273|187
209|127|273|191
212|132|268|188
211|129|271|189
212|130|270|188
216|130|270|184
208|132|268|192
206|130|270|194
211|131|269|189
216|132|268|184
211|125|275|189
209|127|273|191
211|129|271|189
216|132|268|184
216|132|268|184
206|126|274|194
209|129|271|191
208|130|270|192
215|133|267|185
217|131|269|183
213|129|271|187
210|128|272|190
211|129|271|189
207|131|269|193
209|129|271|191
218|126|274|182
215|131|269|185
222|146|254|178
213|131|269|187
211|133|267|189
209|129|271|191
218|130|270|182
201|121|279|199
200|132|268|200
216|128|272|184
221|129|271|179
213|131|269|187
205|127|273|195
214|128|272|186
214|132|268|186
210|130|270|190
214|128|272|186
210|126|274|190
209|131|271|189
210|130|272|188
211|127|273|189
216|128|272|184
209|129|271|191
213|129|271|187
218|128|272|182
212|130|270|188
210|128|272|190
213|129|271|187
208|132|268|192
208|130|270|192
214|126|274|186
212|128|272|188
207|131|269|193
205|129|271|195
216|128|272|184
216|130|270|184
215|129|271|185
209|127|273|191
207|127|273|193
209|129|271|191
207|131|269|193
213|129|271|187
214|128|272|186
214|130|270|186
211|129|271|189
211|129|271|189
213|131|269|187
210|128|272|190
209|127|273|191
211|129|271|189
215|131|269|185
211|127|273|189
212|128|272|188
216|132|268|184
214|130|270|186
213|129|271|187
210|128|272|190
210|126|274|190
207|129|271|193
214|130|270|186
213|127|273|187
208|124|276|192
213|131|269|187
212|128|272|188
209|125|275|191
211|131|269|189
219|129|271|181
212|128|272|188
207|131|269|193
214|132|268|186
210|130|270|190
213|129|271|187
216|126|274|184
205|127|271|193
208|130|268|190
209|129|269|189
205|127|271|193
212|126|272|186
211|127|271|187
215|129|273|187
216|128|274|186
210|130|272|192
213|131|271|189
214|132|270|188
209|129|271|191
213|127|273|187
212|126|274|188
211|129|271|189
210|126|274|190
211|125|275|189
210|132|268|190
211|133|267|189
215|127|273|185
212|124|276|188
213|133|267|187
211|127|273|189
203|125|275|197
219|131|269|181
219|129|271|181
211|127|273|189
212|130|270|188
212|130|270|188
210|126|274|190
210|128|272|190
214|130|270|186
210|132|268|190
214|126|274|186
212|128|272|188
206|128|272|194
217|125|275|183
216|132|268|184
210|128|272|190
211|125|275|189
210|128|272|190
211|129|271|189
215|129|271|185
215|129|271|185
204|128|272|196
205|129|271|195
212|128|272|188
210|128|272|190
207|127|273|193
215|127|273|185
215|131|269|185
214|130|270|186
215|125|275|185
205|129|271|195
213|129|271|187
221|127|273|179
205|123|277|195
206|128|272|194
215|129|271|185
215|131|269|185
204|128|272|196
212|124|276|188
211|127|273|189
215|129|271|185
214|128|272|186
206|128|272|194
209|129|271|191
213|125|275|187
220|128|272|180
214|128|272|186
208|128|272|192
212|130|270|188
218|126|274|182
213|127|273|187
210|128|272|190
206|126|274|194
213|127|273|187
212|128|272|188
214|128|272|186
212|128|272|188
210|128|272|190
218|128|272|182
210|126|274|190
208|126|274|192
210|130|270|190
209|127|273|191
211|127|273|189
215|129|271|185
216|130|270|184
212|126|274|188
214|126|274|186
209|125|275|191
199|133|267|201
215|131|269|185
216|128|272|184
212|126|274|188
210|124|276|190
209|129|271|191
211|127|273|189
214|128|272|186
213|129|271|187
212|130|270|188
213|129|271|187
209|125|275|191
208|126|274|192
213|127|273|187
215|127|273|185
214|128|272|186
213|129|271|187
214|124|276|186
211|127|273|189
213|129|271|187
214|126|274|186
211|127|273|189
211|129|271|189
211|129|271|189
208|126|274|192
211|129|271|189
211|129|271|189
214|124|276|186
219|125|275|181
214|126|274|186
211|127|273|189
204|130|270|196
214|130|270|186
213|129|271|187
213|127|273|187
218|124|276|182
209|123|277|191
208|130|270|192
213|127|273|187
210|124|276|190
208|128|272|192
216|128|272|184
212|126|272|186
207|123|275|191
212|128|270|186
218|128|270|180
212|128|270|186
210|128|272|190
207|123|277|193
209|129|271|191
213|129|271|187
214|124|276|186
217|123|277|183
210|130|270|190
213|127|273|187
212|128|272|188
211|129|271|189
214|126|274|186
206|124|276|194
209|127|273|191
219|129|271|181
208|126|274|192
212|130|270|188
214|128|272|186
213|123|277|187
211|127|273|189
214|126|274|186
212|126|274|188
207|131|269|193
216|128|272|184
215|125|277|187
210|128|274|192
209|129|273|193
216|124|278|186
214|128|274|188
216|128|274|186
214|128|272|186
209|127|273|191
208|126|274|192
209|127|273|191
210|126|274|190
213|127|273|187
213|125|275|187
213|121|279|187
214|126|274|186
208|132|268|192
209|127|273|191
215|127|273|185
218|126|274|182
212|126|274|188
213|125|275|187
213|127|273|187
212|130|270|188
206|128|272|194
208|126|274|192
212|126|274|188
215|125|275|185
216|126|274|184
214|128|272|186
211|127|273|189
208|126|274|192
210|126|274|190
213|125|275|187
215|127|273|185
208|128|272|192
210|126|274|190
214|128|272|186
210|126|274|190
209|127|273|191
215|127|273|185
209|125|275|191
210|126|274|190
218|126|274|182
215|127|273|185
209|127|273|191
211|127|273|189
214|124|276|186
213|127|273|187
212|130|270|188
210|128|272|190
215|123|277|185
212|124|276|188
211|127|273|189
209|133|267|191
213|125|275|187
216|118|282|184
212|126|274|188
209|129|271|191
208|126|274|192
216|124|276|184
210|128|274|188
206|124|278|192
217|127|273|183
218|130|270|182
213|125|275|187
214|124|276|186
215|129|271|185
209|129|271|191
209|127|273|191
213|125|275|187
211|123|277|189
207|127|273|193
212|126|274|188
214|122|278|186
216|126|274|184
217|127|273|183
212|128|272|188
207|127|273|193
210|126|274|190
211|127|273|189
213|127|273|187
210|126|274|190
208|126|274|192
216|126|274|184
213|125|275|187
215|125|275|185
215|125|275|185
207|129|271|193
212|126|274|188
211|125|275|189
210|128|272|190
213|127|273|187
214|126|274|186
210|124|274|188
208|124|274|190
214|124|274|184
214|124|274|184
213|123|275|185
208|124|274|190
212|126|272|186
210|126|274|190
210|126|274|190
217|127|273|183
205|127|273|195
