angle[0],angle[1],gx_aver,gy_aver,gz_aver

0.78,0.72,1.02,-1.88,0.16
0.78,0.71,0.65,-2.25,0.31
0.78,0.71,1.33,-1.63,0.27
0.78,0.71,0.92,-1.64,0.27
0.78,0.71,0.90,-1.72,0.10
0.78,0.71,1.66,-1.56,-0.13
0.78,0.72,2.05,-1.01,-0.05
0.78,0.72,2.13,-1.23,0.17
0.78,0.72,1.53,-1.69,0.21
0.78,0.72,1.12,-1.38,0.00
0.78,0.72,0.99,-1.58,0.04
0.78,0.72,1.68,-1.36,0.18
0.77,0.72,1.86,-0.42,0.18
0.77,0.72,1.44,-0.83,0.17
0.77,0.72,1.77,-1.30,0.14
0.77,0.73,1.36,-1.98,0.22
0.78,0.72,1.13,-2.43,0.18
0.78,0.72,1.78,-1.77,0.06
0.78,0.73,1.75,-1.25,0.01
0.78,0.73,1.60,-1.39,0.14
0.78,0.73,1.73,-1.96,0.29
0.78,0.74,2.20,-1.66,0.26
0.78,0.74,2.27,-1.37,0.15
0.78,0.74,1.82,-1.35,0.10
0.77,0.75,1.59,-0.76,0.12
0.77,0.75,1.55,-0.60,0.07
0.77,0.75,1.65,-1.21,0.14
0.78,0.75,1.21,-2.04,0.29
0.78,0.74,0.97,-2.05,0.22
0.77,0.74,1.37,-1.32,0.04
0.78,0.74,1.06,-1.96,-0.11
0.78,0.74,1.02,-2.16,-0.08
0.78,0.74,1.39,-2.03,0.08
0.79,0.74,1.67,-2.36,0.25
0.79,0.74,1.51,-1.71,0.24
0.79,0.74,1.19,-1.45,0.09
0.81,0.75,1.66,-3.30,0.04
0.81,0.75,1.68,-3.19,0.07
0.81,0.75,1.58,-1.79,0.11
0.82,0.75,1.76,-2.66,0.14
0.82,0.75,1.18,-2.55,0.07
0.82,0.75,1.05,-1.64,0.11
0.82,0.75,1.39,-0.92,0.16
0.82,0.75,1.28,-1.09,0.22
0.82,0.74,1.09,-1.78,0.22
0.82,0.74,0.53,-1.93,0.02
0.82,0.74,0.78,-1.44,-0.04
0.82,0.73,1.57,-1.16,0.02
0.82,0.74,1.89,-0.89,0.10
0.81,0.74,1.66,-0.97,0.05
0.81,0.74,1.62,-1.70,0.01
0.82,0.75,1.44,-1.56,-0.02
0.82,0.74,0.82,-1.67,0.08
0.81,0.74,1.58,-1.74,0.21
0.82,0.75,1.95,-1.95,0.11
0.82,0.75,1.47,-2.00,0.12
0.82,0.74,1.33,-1.49,0.10
0.82,0.74,1.00,-1.38,-0.07
0.82,0.74,0.85,-1.55,0.07
0.82,0.74,1.01,-1.47,0.13
0.82,0.74,1.31,-1.15,0.22
0.82,0.74,1.13,-1.27,0.20
0.82,0.74,1.25,-1.73,0.09
0.82,0.74,1.46,-2.44,0.27
0.83,0.74,1.48,-2.60,0.32
0.83,0.74,1.36,-1.78,0.23
0.83,0.73,0.77,-1.59,-0.95
0.83,0.73,0.64,-1.82,-0.94
0.83,0.73,1.04,-1.50,0.04
0.83,0.73,1.77,-1.54,0.08
0.83,0.73,1.58,-1.82,0.09
0.83,0.73,1.35,-1.73,0.06
0.83,0.74,2.05,-1.10,0.26
0.83,0.74,1.50,-1.07,0.27
0.83,0.74,1.08,-1.45,0.10
0.83,0.73,0.93,-1.54,-0.12
0.83,0.73,0.86,-1.67,-0.09
0.83,0.73,1.67,-1.44,0.07
0.83,0.73,1.28,-0.91,0.07
0.82,0.73,1.12,-0.98,0.19
0.82,0.73,1.56,-1.32,0.20
0.83,0.74,1.97,-2.03,0.24
0.83,0.74,1.73,-2.27,0.28
0.83,0.74,1.41,-1.76,-0.02
0.83,0.74,1.07,-1.86,-0.00
0.83,0.73,0.70,-1.61,0.27
0.83,0.73,1.35,-1.29,0.33
0.83,0.74,1.76,-1.35,0.35
0.83,0.74,1.85,-1.47,0.22
0.83,0.74,1.76,-1.43,0.08
0.83,0.75,1.93,-1.82,0.23
0.84,0.75,1.76,-2.63,0.28
0.84,0.74,1.44,-2.28,0.14
0.84,0.74,0.96,-2.16,0.15
0.85,0.74,0.47,-2.28,0.11
0.84,0.74,1.05,-1.67,0.18
0.84,0.74,2.00,-1.13,0.28
0.84,0.75,2.18,-1.32,0.20
0.84,0.75,1.48,-1.83,0.07
0.85,0.75,1.40,-2.10,0.07
0.85,0.75,1.47,-1.89,0.09
0.84,0.75,1.43,-1.18,0.00
0.84,0.76,2.40,-0.65,0.09
0.84,0.76,2.48,-1.11,0.11
0.84,0.76,1.78,-1.71,0.07
0.84,0.77,2.03,-1.85,0.11
0.84,0.77,1.75,-1.83,0.12
0.84,0.76,0.97,-1.23,0.14
0.84,0.76,0.59,-1.06,0.07
0.84,0.76,0.86,-1.23,0.09
0.83,0.76,1.14,-1.59,0.19
0.83,0.76,1.21,-1.09,-0.08
0.83,0.75,1.46,-0.92,-0.19
0.83,0.75,1.35,-1.75,-0.03
0.84,0.75,0.48,-2.50,-0.00
0.84,0.74,0.37,-2.47,0.00
0.84,0.74,1.21,-1.77,0.07
0.85,0.75,2.03,-1.98,0.13
0.85,0.75,1.84,-1.96,0.20
0.85,0.75,1.05,-1.77,0.23
0.85,0.74,0.69,-2.06,0.19
0.85,0.74,0.82,-1.59,0.16
0.85,0.74,1.37,-1.99,0.05
0.86,0.74,1.04,-2.31,-0.05
0.86,0.74,1.40,-1.48,-0.02
0.86,0.74,1.89,-1.32,0.20
0.85,0.74,1.23,-1.07,0.14
0.85,0.74,1.06,-1.23,-0.01
0.85,0.74,1.55,-1.40,0.07
0.85,0.75,1.87,-0.79,-0.07
0.84,0.74,1.68,-0.92,-0.16
0.84,0.74,1.19,-1.71,0.09
0.85,0.74,1.48,-2.06,0.31
0.85,0.75,1.70,-1.64,0.24
0.84,0.74,1.50,-1.06,0.05
0.84,0.75,1.62,-1.44,0.03
0.84,0.75,1.42,-1.90,0.08
0.84,0.75,1.49,-1.56,0.17
0.84,0.75,0.79,-0.45,0.04
0.83,0.74,0.50,-0.79,-0.08
0.83,0.74,1.16,-1.73,0.02
0.83,0.74,1.63,-1.06,-0.09
0.83,0.74,1.92,-1.31,0.02
0.83,0.74,1.67,-1.73,0.28
0.83,0.75,1.92,-1.22,0.21
0.83,0.75,2.09,-1.11,0.00
0.83,0.75,1.46,-1.80,-0.08
0.83,0.76,1.92,-1.49,-0.03
0.82,0.76,2.30,-0.83,0.03
0.82,0.76,1.21,-1.28,0.18
0.82,0.75,0.45,-1.67,0.13
0.82,0.75,0.52,-1.72,-0.04
0.82,0.74,0.95,-1.79,-0.11
0.83,0.75,1.79,-2.21,0.07
0.83,0.75,2.22,-1.97,0.34
0.83,0.75,1.62,-1.71,0.22
0.83,0.76,1.85,-1.21,0.23
0.83,0.76,2.14,-0.82,0.19
0.83,0.76,1.49,-1.48,0.00
0.83,0.75,0.64,-1.95,-0.07
0.83,0.75,0.80,-1.53,0.07
0.83,0.75,1.49,-1.21,0.29
0.83,0.75,1.03,-1.65,0.30
0.83,0.75,1.32,-1.69,0.24
0.83,0.75,1.72,-1.47,0.19
0.84,0.75,1.55,-1.97,0.22
0.84,0.75,1.88,-1.85,0.17
0.83,0.75,1.85,-1.33,0.20
0.84,0.75,1.15,-1.30,0.25
0.83,0.75,1.31,-1.32,0.21
0.83,0.75,1.27,-1.69,0.16
0.84,0.75,0.60,-1.91,-0.13
0.84,0.74,0.85,-2.01,-0.01
0.84,0.74,1.64,-1.78,0.28
0.83,0.75,2.27,-0.89,0.35
0.83,0.75,2.05,-0.80,0.25
0.83,0.75,1.64,-1.39,-0.10
0.83,0.76,1.73,-1.54,0.02
0.83,0.76,1.54,-1.84,0.15
0.83,0.75,0.94,-1.97,0.10
0.83,0.76,1.35,-1.50,0.24
0.84,0.76,2.10,-2.23,0.27
0.84,0.76,1.80,-2.42,0.22
0.84,0.76,1.43,-2.29,0.16
0.85,0.76,1.49,-2.61,0.08
0.85,0.76,1.16,-2.05,0.13
0.86,0.75,0.07,-2.36,0.16
0.86,0.75,0.68,-2.14,0.10
0.86,0.75,1.67,-1.67,0.17
0.86,0.75,0.95,-1.38,-0.03
0.85,0.74,0.85,-1.24,-0.06
0.86,0.74,0.96,-1.82,0.18
0.86,0.74,1.52,-1.99,0.29
0.86,0.74,1.64,-1.78,0.34
0.86,0.74,1.10,-1.79,0.17
0.86,0.75,1.79,-1.36,0.14
0.86,0.75,1.80,-1.24,0.26
0.86,0.74,1.48,-1.55,0.28
0.85,0.75,2.09,-0.94,0.27
0.85,0.75,1.95,-0.70,0.16
0.85,0.75,1.54,-1.15,0.11
0.85,0.76,1.14,-1.73,0.23
0.85,0.75,1.18,-2.06,0.36
0.85,0.75,1.38,-2.01,0.30
0.86,0.75,1.11,-2.33,0.35
0.86,0.75,1.22,-2.14,0.37
0.86,0.75,1.11,-1.79,0.05
0.86,0.75,1.18,-1.48,-0.20
0.86,0.75,1.49,-1.05,-0.11
0.86,0.75,1.34,-1.38,0.17
0.86,0.74,0.40,-1.91,0.22
0.86,0.74,0.44,-2.26,0.10
0.86,0.73,1.33,-2.08,0.11
0.86,0.74,1.24,-1.29,0.10
0.86,0.73,0.79,-1.30,0.05
0.86,0.73,1.01,-1.60,0.03
0.86,0.74,1.87,-1.34,0.07
0.86,0.74,1.82,-1.62,0.05
0.86,0.74,1.66,-1.66,-0.03
0.86,0.74,1.13,-1.63,0.03
0.86,0.73,0.88,-1.67,0.07
0.86,0.73,1.51,-1.51,0.11
0.86,0.74,1.32,-2.15,0.28
0.87,0.73,0.95,-2.29,0.28
0.87,0.73,1.06,-2.71,0.07
0.88,0.73,1.40,-2.38,-0.03
0.87,0.73,1.74,-1.17,0.08
0.87,0.73,1.72,-1.08,0.09
0.87,0.73,0.73,-1.36,-0.02
0.87,0.73,0.88,-1.72,-0.01
0.87,0.73,1.52,-1.99,0.07
0.88,0.73,0.72,-2.18,0.24
0.88,0.72,1.03,-1.58,0.26
0.88,0.72,1.84,-1.33,0.28
0.88,0.73,1.65,-1.57,0.30
0.87,0.73,1.33,-1.60,0.10
0.87,0.72,1.07,-1.60,0.00
0.88,0.72,0.78,-2.12,0.10
0.88,0.72,1.15,-2.13,0.04
0.88,0.72,1.67,-1.33,0.09
0.88,0.72,1.10,-1.92,0.31
0.88,0.72,1.24,-2.12,0.16
0.88,0.72,1.62,-1.84,-0.03
0.88,0.73,1.84,-1.18,0.06
0.88,0.73,2.24,-0.74,0.16
0.87,0.73,2.02,-1.26,0.19
0.88,0.73,1.58,-1.49,0.16
0.87,0.74,1.67,-1.44,0.16
0.87,0.73,1.64,-1.08,0.09
0.87,0.74,1.79,-1.32,0.03
0.87,0.74,1.56,-1.93,0.10
0.87,0.74,1.00,-1.89,0.19
0.86,0.74,1.37,-0.33,0.22
0.86,0.74,1.66,-0.50,0.17
0.86,0.74,1.84,-1.56,0.15
0.85,0.74,1.41,-0.79,0.03
0.85,0.74,1.05,-0.51,0.06
0.84,0.74,1.22,-1.26,0.23
0.85,0.74,0.95,-2.43,0.28
0.86,0.74,1.00,-2.33,0.25
0.85,0.73,1.46,-1.55,0.29
0.85,0.73,0.85,-1.43,0.21
0.85,0.73,0.31,-1.70,0.17
0.86,0.72,0.74,-2.12,0.18
0.86,0.73,1.36,-2.33,0.25
0.86,0.72,1.34,-1.99,0.27
0.86,0.72,1.09,-1.69,0.15
0.86,0.72,0.91,-0.91,-0.03
0.85,0.72,0.61,-0.57,-0.02
0.85,0.71,0.75,-1.47,0.23
0.86,0.71,0.53,-2.32,0.21
0.86,0.71,0.67,-1.96,0.11
0.86,0.71,1.43,-1.19,0.07
0.86,0.71,1.69,-0.74,0.00
0.85,0.71,1.28,-1.05,0.16
0.85,0.70,0.78,-1.84,0.28
0.86,0.70,-0.10,-2.03,0.09
0.86,0.69,0.39,-1.90,0.02
0.86,0.69,1.47,-1.67,0.06
0.86,0.69,1.15,-1.97,0.16
0.86,0.69,1.37,-1.77,0.27
0.86,0.69,1.58,-1.73,0.31
0.86,0.70,1.53,-1.27,0.07
0.86,0.70,1.47,-0.95,-0.02
0.85,0.70,1.59,-1.42,0.12
0.86,0.70,1.73,-2.02,0.09
0.86,0.70,1.36,-2.28,0.20
0.86,0.70,1.38,-1.66,0.32
0.86,0.71,2.18,-1.41,0.27
0.86,0.71,2.32,-1.36,0.07
0.86,0.71,1.96,-1.51,0.10
0.86,0.72,2.09,-1.60,0.27
0.86,0.72,1.66,-1.60,0.19
0.86,0.72,1.33,-1.36,0.22
0.86,0.72,1.44,-0.91,0.11
0.85,0.72,1.15,-1.37,-0.02
0.85,0.72,1.48,-1.46,0.11
0.85,0.72,1.42,-1.00,0.07
0.85,0.72,1.00,-1.04,0.09
0.84,0.72,1.48,-0.96,0.17
0.84,0.72,1.61,-0.99,0.03
0.84,0.72,1.35,-1.36,1.04
0.84,0.72,1.57,-1.67,1.23
0.84,0.73,2.10,-0.95,0.15
0.83,0.73,1.70,-0.74,0.04
0.83,0.73,1.46,-1.30,0.05
0.83,0.73,1.58,-0.75,0.07
0.82,0.73,1.43,-0.75,0.14
0.82,0.73,1.36,-1.26,0.22
0.82,0.74,2.03,-0.79,0.27
0.81,0.74,2.24,-0.81,0.20
0.81,0.74,1.42,-1.19,0.02
0.81,0.74,1.36,-0.95,-0.10
0.81,0.74,1.65,-1.24,0.03
0.80,0.74,2.00,-1.38,0.17
0.81,0.75,2.10,-1.57,0.36
0.81,0.75,1.84,-1.65,0.40
0.80,0.75,1.40,-1.62,0.09
0.81,0.75,1.15,-1.27,-0.09
0.80,0.75,0.97,-1.19,0.06
0.80,0.75,0.99,-1.93,0.22
0.80,0.75,1.29,-1.29,0.10
0.80,0.75,1.87,-1.03,0.24
0.80,0.75,1.94,-1.67,0.42
0.81,0.75,1.88,-1.99,0.35
0.81,0.76,1.74,-2.20,0.18
0.81,0.76,1.36,-2.12,0.07
0.81,0.76,2.00,-1.24,0.11
0.81,0.76,1.68,-1.07,0.11
0.81,0.76,0.98,-1.87,0.02
0.82,0.76,1.06,-2.52,0.03
0.82,0.76,0.98,-2.27,0.10
0.82,0.75,1.29,-1.55,0.10
0.83,0.76,1.49,-2.02,0.32
0.82,0.75,1.28,-1.81,0.47
0.82,0.75,1.26,-1.37,0.28
0.83,0.75,0.74,-1.84,-0.01
0.83,0.75,0.56,-1.91,-0.11
0.83,0.74,0.97,-1.94,0.17
0.83,0.75,1.63,-1.77,0.45
0.83,0.75,1.75,-1.68,0.33
0.83,0.75,1.50,-1.52,0.21
0.83,0.75,2.05,-1.38,0.30
0.83,0.75,1.69,-1.46,0.17
0.83,0.75,0.96,-1.32,-1.14
0.83,0.75,1.28,-1.42,-0.95
0.83,0.75,1.35,-1.44,0.21
0.83,0.75,1.14,-1.69,0.10
0.83,0.75,0.98,-1.45,0.05
0.83,0.75,1.03,-1.23,0.07
0.83,0.74,1.46,-1.63,0.25
0.83,0.75,2.15,-1.22,0.25
0.82,0.75,2.10,-0.96,0.27
0.82,0.75,1.90,-1.12,0.27
0.82,0.77,2.39,-1.50,0.15
0.82,0.77,1.88,-1.94,0.09
0.82,0.76,1.21,-1.82,0.12
0.82,0.77,2.02,-0.98,0.14
0.82,0.77,2.25,-0.72,0.04
0.81,0.77,1.59,-1.49,0.00
0.81,0.77,1.32,-1.24,1.04
0.81,0.77,1.23,-1.13,1.05
0.81,0.77,1.37,-1.75,0.18
0.82,0.77,0.70,-2.46,0.34
0.82,0.76,0.59,-2.19,0.11
0.82,0.76,1.28,-1.38,-0.08
0.82,0.76,1.25,-1.08,-0.09
0.82,0.76,1.04,-1.14,-0.05
0.81,0.76,1.08,-1.51,0.02
0.82,0.76,1.24,-1.35,0.03
0.81,0.76,1.46,-1.42,0.11
0.81,0.76,1.50,-1.75,0.15
0.81,0.76,1.46,-1.14,0.02
0.81,0.76,1.52,-1.11,0.11
0.81,0.76,1.63,-1.87,0.38
0.81,0.76,1.23,-1.28,0.27
0.81,0.76,0.98,-0.92,0.07
0.81,0.75,0.89,-1.55,0.06
0.81,0.75,0.74,-1.64,-0.01
0.81,0.75,1.16,-1.24,-0.02
0.81,0.75,1.48,-1.25,0.13
0.81,0.75,0.94,-1.43,0.25
0.81,0.74,0.63,-1.67,0.21
0.81,0.74,1.38,-1.72,0.04
0.81,0.75,1.85,-1.94,0.03
0.81,0.75,1.53,-1.77,0.17
0.81,0.74,1.04,-1.49,0.19
0.82,0.74,1.24,-2.20,0.33
0.82,0.74,1.45,-2.25,0.40
0.82,0.74,0.96,-1.93,0.19
0.83,0.74,1.31,-2.41,0.23
0.83,0.74,1.54,-2.17,0.14
0.83,0.74,1.38,-1.54,0.07
0.84,0.75,1.66,-2.37,0.29
0.84,0.74,1.73,-2.58,0.28
0.84,0.74,1.34,-1.67,0.21
0.84,0.75,1.41,-0.62,0.08
0.83,0.75,1.85,-0.64,0.07
0.83,0.75,1.71,-1.47,0.17
0.82,0.76,2.33,-0.40,0.21
0.82,0.76,2.12,-0.50,0.19
0.81,0.76,1.35,-1.86,0.10
0.82,0.77,2.20,-1.68,0.12
0.82,0.77,2.75,-1.27,0.13
0.82,0.77,1.94,-1.33,0.05
0.82,0.77,1.47,-1.87,0.06
0.82,0.77,1.60,-1.98,0.08
0.82,0.77,1.14,-1.52,-0.10
0.82,0.77,1.54,-0.85,-0.29
0.81,0.78,1.94,-0.68,-0.22
0.81,0.77,1.25,-1.30,-0.04
0.81,0.78,1.88,-1.68,0.24
0.82,0.78,2.00,-1.94,0.26
0.82,0.78,1.45,-1.81,0.15
0.82,0.79,2.17,-1.50,0.18
0.82,0.79,2.32,-1.31,-0.93
0.81,0.79,1.85,-1.29,-0.84
0.82,0.80,1.91,-1.80,0.21
0.82,0.80,1.78,-2.11,0.09
0.82,0.79,1.54,-2.05,0.07
0.82,0.80,2.24,-1.73,0.02
0.82,0.80,1.90,-1.64,-0.01
0.82,0.80,1.39,-1.82,0.08
0.83,0.80,1.11,-2.04,0.28
0.83,0.80,1.03,-1.76,0.32
0.83,0.80,1.14,-1.44,0.10
0.83,0.79,0.66,-2.09,-0.01
0.83,0.79,1.20,-1.80,0.15
0.83,0.79,1.20,-1.56,0.26
0.84,0.78,0.49,-2.04,0.27
0.84,0.78,0.62,-1.81,0.19
0.84,0.78,1.17,-1.59,0.10
0.84,0.78,1.59,-2.01,0.10
0.84,0.78,1.80,-2.10,0.15
0.85,0.78,1.47,-2.59,0.20
0.87,0.78,0.59,-3.23,0.26
0.87,0.77,0.93,-2.19,0.16
0.86,0.77,1.55,-1.38,-0.00
0.86,0.77,1.30,-0.75,-0.02
0.85,0.77,1.23,-0.65,-0.05
0.85,0.77,1.19,-1.21,0.04
0.85,0.76,0.64,-1.70,0.09
0.86,0.76,0.63,-2.13,0.10
0.86,0.76,1.06,-1.73,0.05
0.86,0.76,1.42,-2.09,0.00
0.86,0.76,1.72,-2.05,0.19
0.86,0.76,1.31,-1.60,0.33
0.86,0.76,1.82,-1.36,0.35
0.86,0.76,2.32,-1.07,0.18
0.86,0.76,1.56,-1.66,0.03
0.86,0.77,1.56,-1.81,0.09
0.86,0.77,1.95,-1.45,0.14
0.86,0.77,1.74,-1.13,0.07
0.85,0.77,1.17,-0.68,0.01
0.85,0.77,1.38,-0.85,0.04
0.85,0.77,2.16,-1.42,0.14
0.85,0.77,1.41,-2.16,0.05
0.85,0.77,1.03,-1.93,-0.02
0.85,0.77,1.65,-1.08,0.09
0.85,0.78,1.77,-1.86,0.28
0.85,0.77,1.46,-2.19,0.24
0.85,0.77,1.04,-1.85,0.11
0.86,0.77,0.90,-2.57,-0.98
0.87,0.77,1.02,-2.52,-1.04
0.87,0.76,1.00,-1.98,0.15
0.87,0.76,1.22,-2.22,0.35
0.87,0.76,1.50,-2.02,0.35
0.87,0.76,1.68,-1.55,0.07
0.87,0.77,2.01,-0.76,-0.23
0.86,0.77,2.08,-0.55,-0.15
0.86,0.77,1.48,-1.19,0.09
0.86,0.77,0.67,-1.17,0.06
0.85,0.77,1.12,-1.06,0.08
0.85,0.77,1.82,-0.93,0.08
0.85,0.77,1.07,-1.31,0.01
0.85,0.76,1.07,-1.66,0.06
0.85,0.76,1.57,-1.62,0.13
0.85,0.76,0.82,-1.52,0.07
0.85,0.76,0.72,-1.20,-0.06
0.85,0.75,1.04,-1.49,-0.08
0.85,0.75,0.65,-2.15,-0.01
0.85,0.75,1.17,-1.91,0.05
0.85,0.75,1.53,-1.35,0.10
0.86,0.75,1.77,-2.30,0.23
0.86,0.76,2.08,-2.20,0.18
0.86,0.75,1.53,-1.16,0.01
0.86,0.75,0.97,-1.63,0.05
0.86,0.75,0.68,-2.11,0.10
0.86,0.75,0.84,-1.91,0.09
0.87,0.74,0.85,-1.73,0.20
0.86,0.74,1.58,-1.57,0.21
0.86,0.75,2.13,-1.29,0.04
0.86,0.75,1.45,-0.95,0.01
0.86,0.75,1.55,-1.17,0.07
0.86,0.75,1.48,-1.64,0.16
0.86,0.75,1.53,-2.43,0.26
0.86,0.75,2.05,-2.26,0.09
0.86,0.75,1.60,-1.33,-0.12
0.87,0.75,0.47,-2.22,0.06
0.87,0.74,0.57,-2.43,0.35
0.87,0.74,1.17,-1.85,0.26
0.88,0.74,0.99,-2.26,0.30
0.88,0.74,1.14,-2.09,0.36
0.88,0.74,1.32,-1.38,0.11
0.88,0.74,1.96,-1.83,0.13
0.88,0.74,1.84,-2.17,0.19
0.88,0.74,1.51,-1.69,0.17
0.88,0.75,1.80,-1.38,0.33
0.88,0.75,1.70,-1.01,0.25
0.87,0.75,1.72,-1.16,0.15
0.88,0.75,1.52,-1.95,0.13
0.88,0.75,1.51,-1.99,0.07
0.88,0.75,1.55,-1.30,0.14
0.87,0.75,0.58,-0.98,0.10
0.87,0.74,0.20,-1.31,-0.00
0.87,0.74,1.04,-1.78,0.05
0.88,0.74,0.96,-2.25,0.13
0.88,0.74,1.08,-2.15,0.21
0.88,0.73,1.77,-1.52,0.22
0.88,0.74,2.35,-1.11,0.17
0.87,0.75,2.35,-1.00,0.13
0.87,0.75,1.29,-1.66,-0.02
0.88,0.74,0.66,-2.07,0.06
0.88,0.74,0.56,-1.94,0.31
0.87,0.74,1.23,-1.21,0.36
0.88,0.74,1.25,-1.66,0.33
0.88,0.74,1.27,-2.15,0.17
0.88,0.74,1.91,-1.51,0.12
0.88,0.75,2.26,-1.76,0.35
0.88,0.75,1.85,-2.27,0.30
0.88,0.75,1.10,-2.17,0.14
0.89,0.75,1.17,-2.24,0.04
0.89,0.74,1.28,-2.21,0.12
0.89,0.74,1.21,-1.39,0.10
0.88,0.74,0.89,-0.57,-0.06
0.88,0.74,0.90,-0.72,-0.06
0.87,0.74,1.23,-1.13,0.05
0.87,0.74,0.86,-1.04,-0.09
0.87,0.73,1.21,-2.18,-0.18
0.87,0.73,1.98,-2.27,0.05
0.87,0.74,1.64,-0.91,-0.05
0.87,0.74,1.16,-1.22,-0.04
0.87,0.73,1.27,-1.50,0.13
0.88,0.73,0.99,-2.60,0.21
0.88,0.73,1.12,-2.83,0.18
0.88,0.73,1.74,-1.37,0.14
0.88,0.74,1.32,-1.53,0.05
0.88,0.73,1.04,-1.96,0.07
0.88,0.73,1.66,-1.45,1.22
0.87,0.74,2.38,-0.88,1.26
0.87,0.74,2.01,-0.96,0.13
0.87,0.74,1.49,-1.10,0.01
0.87,0.74,1.43,-1.33,0.16
0.87,0.75,1.50,-1.63,0.28
0.87,0.74,1.59,-1.82,0.24
0.87,0.74,1.07,-1.99,0.07
0.87,0.74,1.14,-1.55,0.02
0.87,0.74,1.75,-1.20,0.16
0.87,0.74,1.38,-1.63,0.09
0.87,0.74,0.74,-1.91,0.10
0.87,0.74,0.99,-1.65,0.04
0.87,0.74,0.91,-1.90,-0.06
0.87,0.74,1.16,-1.87,1.13
0.87,0.73,1.67,-1.40,1.11
0.87,0.74,1.82,-1.66,0.07
0.87,0.74,1.47,-1.68,0.17
0.87,0.74,1.00,-1.81,0.13
0.88,0.74,1.33,-1.93,-0.01
0.88,0.74,1.06,-1.79,-1.13
0.88,0.73,0.95,-1.64,-1.03
0.88,0.74,1.30,-1.88,0.16
0.88,0.73,1.49,-2.04,0.26
0.88,0.73,1.36,-1.60,0.14
0.88,0.73,0.87,-1.20,-0.13
0.87,0.73,1.01,-1.23,-0.14
0.87,0.73,1.67,-1.27,0.02
0.87,0.73,1.45,-1.26,-0.92
0.87,0.73,1.02,-1.40,-0.90
0.87,0.73,1.18,-1.56,0.07
0.87,0.73,1.52,-1.34,0.04
0.86,0.73,1.87,-1.00,0.10
0.86,0.73,1.44,-1.19,0.08
0.87,0.73,1.32,-1.76,0.13
0.86,0.73,1.53,-1.70,0.21
0.86,0.73,1.38,-1.29,0.28
0.86,0.74,1.46,-1.04,0.10
0.86,0.73,1.42,-1.15,0.04
0.86,0.74,1.57,-1.34,0.16
0.86,0.74,1.18,-1.27,-1.01
0.85,0.73,0.77,-1.56,-0.95
0.85,0.73,0.93,-1.91,0.13
0.85,0.73,1.47,-1.13,0.04
0.85,0.73,1.49,-1.03,0.02
0.85,0.73,1.34,-1.47,0.05
0.85,0.73,1.08,-1.86,-1.01
0.85,0.73,0.72,-2.35,-1.04
0.85,0.72,1.01,-1.89,0.04
0.85,0.72,0.85,-1.18,-0.09
0.85,0.72,0.88,-1.26,-0.13
0.85,0.72,1.50,-1.81,0.07
0.86,0.72,1.39,-1.81,0.25
0.86,0.72,1.02,-1.90,0.27
0.85,0.72,1.51,-1.50,0.09
0.85,0.73,2.15,-1.06,0.01
0.85,0.73,1.93,-1.41,0.29
0.85,0.73,1.39,-1.75,0.35
0.85,0.73,1.94,-0.93,0.17
0.84,0.74,2.30,-0.87,0.10
0.84,0.74,2.02,-1.29,0.07
0.84,0.74,1.41,-0.77,-0.02
0.83,0.74,0.94,-0.87,0.02
0.83,0.74,1.11,-1.51,0.10
0.83,0.74,1.84,-0.57,0.10
0.82,0.74,1.95,-0.56,0.16
0.82,0.74,1.55,-1.50,0.16
0.82,0.74,1.18,-1.28,0.12
0.82,0.74,1.26,-1.31,0.02
0.82,0.74,1.43,-1.35,0.00
0.81,0.74,1.35,-0.88,0.03
0.81,0.74,1.55,-1.01,0.20
0.81,0.74,1.49,-1.66,0.15
0.81,0.74,1.26,-1.35,0.05
0.81,0.74,1.42,-1.18,0.21
0.81,0.74,1.45,-1.89,0.18
0.82,0.74,1.33,-2.46,0.28
0.82,0.74,1.74,-2.29,0.28
0.82,0.75,1.85,-1.63,0.16
0.83,0.75,2.19,-2.26,0.21
0.83,0.75,1.84,-2.36,0.01
0.83,0.75,1.32,-1.38,0.03
0.82,0.76,2.50,-0.82,0.16
0.82,0.77,2.65,-1.11,0.15
0.82,0.77,1.60,-1.84,0.10
0.83,0.77,1.25,-2.19,0.08
0.83,0.77,1.34,-2.11,0.23
0.83,0.76,1.07,-1.80,0.23
0.84,0.77,1.19,-1.94,0.16
0.83,0.77,2.00,-1.68,0.11
0.83,0.77,2.19,-1.63,0.03
0.84,0.78,2.55,-1.96,0.08
0.84,0.78,2.30,-1.75,0.14
0.84,0.78,1.42,-1.68,0.16
0.85,0.78,1.32,-2.12,0.17
0.85,0.78,1.28,-2.34,0.16
0.85,0.78,1.54,-1.95,0.17
0.85,0.78,1.52,-1.40,0.07
0.85,0.78,1.07,-1.36,-0.02
0.84,0.78,1.13,-1.49,0.08
0.86,0.78,0.99,-2.65,0.16
0.86,0.77,1.00,-2.95,0.24
0.86,0.77,1.38,-2.07,0.23
0.86,0.77,0.83,-1.72,0.05
0.86,0.76,0.66,-1.49,-0.00
0.86,0.76,1.19,-1.73,0.23
0.87,0.76,0.88,-2.04,0.28
0.87,0.76,0.96,-1.63,1.13
0.86,0.76,1.69,-1.34,1.05
0.87,0.76,1.37,-2.27,-0.02
0.87,0.76,1.28,-2.38,0.08
0.87,0.76,1.73,-1.70,0.14
0.87,0.76,1.08,-1.68,0.06
0.88,0.75,0.76,-1.97,0.00
0.87,0.75,1.12,-1.94,-0.00
0.88,0.75,1.08,-1.93,1.02
0.88,0.75,1.27,-1.80,1.08
0.88,0.75,1.73,-1.60,0.14
0.88,0.75,1.28,-1.24,0.18
0.87,0.75,0.69,-1.13,0.03
0.87,0.75,1.30,-1.39,-0.08
0.87,0.75,1.35,-1.60,-0.02
0.87,0.75,1.49,-1.76,0.12
0.87,0.75,1.93,-1.55,0.24
0.87,0.76,2.36,-0.89,0.33
0.86,0.76,2.44,-0.63,0.26
0.86,0.76,1.54,-1.17,0.11
0.86,0.77,1.89,-1.41,0.03
0.86,0.77,1.88,-1.61,0.04
0.86,0.76,1.37,-1.73,0.19
0.87,0.77,1.53,-2.28,0.29
0.87,0.77,1.77,-2.40,0.24
0.87,0.77,1.68,-2.00,0.05
0.88,0.77,1.49,-2.13,0.06
0.88,0.77,1.32,-2.12,0.17
0.88,0.77,1.24,-1.57,0.14
0.88,0.77,1.87,-1.80,0.30
0.88,0.77,1.65,-1.97,0.18
0.88,0.77,1.20,-1.61,0.06
0.88,0.78,1.95,-1.67,0.13
0.88,0.78,2.05,-1.74,0.11
0.88,0.78,1.43,-1.93,0.26
0.89,0.78,1.84,-1.90,0.34
0.88,0.78,2.18,-1.72,0.18
0.89,0.78,1.58,-2.41,0.03
0.90,0.79,1.87,-2.69,0.08
0.90,0.79,1.70,-1.78,0.14
0.89,0.79,0.98,-1.42,0.21
0.90,0.79,1.19,-2.08,0.22
0.90,0.79,1.37,-2.07,0.16
0.90,0.78,1.22,-1.24,0.15
0.90,0.78,0.74,-1.48,0.04
0.90,0.78,0.65,-2.60,-0.03
0.90,0.77,1.08,-2.28,0.05
0.90,0.77,0.88,-0.41,0.11
0.89,0.77,0.95,-0.46,0.18
0.89,0.77,1.47,-1.58,0.26
0.89,0.77,2.17,-1.28,0.11
0.88,0.77,1.86,-1.27,0.04
0.88,0.77,1.11,-1.38,0.23
0.88,0.77,1.62,-1.90,0.31
0.88,0.77,1.42,-2.28,0.19
0.89,0.77,0.88,-1.70,-0.00
0.89,0.77,1.24,-2.12,0.11
0.89,0.77,1.30,-1.98,0.25
0.89,0.77,1.19,-1.59,0.19
0.90,0.77,1.16,-2.04,0.21
0.89,0.76,1.27,-1.79,0.10
0.89,0.77,1.67,-1.44,0.05
0.90,0.77,1.47,-2.20,0.10
0.90,0.77,1.01,-2.50,0.11
0.90,0.76,1.01,-1.85,0.23
0.90,0.76,0.71,-1.71,0.39
0.90,0.76,1.29,-1.77,0.30
0.90,0.76,1.98,-1.43,0.09
0.90,0.76,0.93,-1.47,0.17
0.90,0.75,1.03,-1.49,0.31
0.89,0.75,1.75,-1.20,0.15
0.89,0.77,2.65,-0.97,0.21
0.89,0.77,3.04,-1.05,0.42
0.89,0.77,2.05,-1.31,0.23
0.89,0.77,0.01,-1.41,0.06
0.88,0.76,0.28,-1.13,0.00
0.88,0.76,1.84,-1.27,0.06
0.88,0.76,1.32,-1.27,0.11
0.88,0.76,1.41,-1.16,0.07
0.88,0.76,1.45,-1.81,0.04
0.88,0.76,1.53,-2.43,0.18
0.88,0.76,1.60,-2.01,0.22
0.88,0.76,1.47,-1.06,0.17
0.88,0.77,1.96,-1.41,0.19
0.88,0.77,1.88,-2.14,0.11
0.88,0.76,1.09,-2.03,0.03
0.89,0.77,1.00,-1.77,0.02
0.89,0.76,1.37,-1.91,0.11
0.89,0.76,1.58,-1.80,0.12
0.88,0.77,2.49,-0.72,0.27
0.88,0.78,2.60,-0.72,0.34
0.87,0.78,2.13,-1.55,0.23
0.87,0.78,1.59,-1.17,-0.07
0.87,0.78,1.21,-1.21,-0.03
0.87,0.78,1.54,-1.75,0.25
0.88,0.78,1.35,-2.40,0.40
0.88,0.78,1.37,-2.39,0.36
0.88,0.78,1.36,-2.04,0.12
0.88,0.78,1.31,-1.41,-0.05
0.88,0.78,1.56,-1.11,0.17
0.87,0.78,1.55,-1.13,0.30
0.87,0.78,1.23,-0.79,0.05
0.87,0.78,1.11,-1.41,0.12
0.87,0.77,1.00,-1.66,0.12
0.87,0.77,0.79,-2.05,0.09
0.87,0.77,0.89,-2.09,0.04
0.87,0.76,1.36,-1.35,-0.04
0.88,0.76,0.86,-2.08,0.13
0.88,0.76,0.69,-2.05,0.09
0.87,0.76,1.37,-1.31,-0.12
0.88,0.76,0.92,-2.03,0.01
0.88,0.75,0.62,-2.09,0.20
0.88,0.75,0.85,-1.57,0.25
0.88,0.75,2.23,-0.69,0.35
0.87,0.76,2.63,-0.66,0.24
0.87,0.76,1.45,-1.43,-0.03
0.87,0.76,1.09,-2.17,0.01
0.88,0.75,0.80,-2.05,0.05
0.87,0.75,0.79,-1.48,0.03
0.87,0.75,0.85,-1.01,0.11
0.87,0.75,1.14,-0.50,0.06
0.86,0.75,1.35,-0.98,0.11
0.86,0.75,1.99,-0.97,0.06
0.86,0.75,2.46,-1.17,0.09
0.85,0.76,1.99,-1.32,0.24
0.86,0.76,1.53,-1.31,0.21
0.85,0.76,1.46,-1.37,0.11
0.85,0.76,1.38,-1.49,-0.01
0.85,0.76,1.35,-1.11,0.07
0.84,0.76,1.49,-0.72,0.08
0.84,0.76,1.44,-1.04,0.07
0.84,0.76,1.07,-1.39,0.07
0.84,0.76,1.29,-1.40,0.00
0.84,0.76,1.92,-1.26,0.12
0.84,0.77,2.21,-0.89,0.16
0.83,0.77,2.23,-0.80,0.19
0.83,0.77,1.45,-1.52,0.34
0.83,0.77,1.46,-1.19,0.30
0.82,0.77,1.56,-0.86,0.02
0.82,0.77,1.26,-1.16,-0.04
0.82,0.77,1.67,-0.63,0.01
0.81,0.77,1.86,-0.82,0.07
0.81,0.77,1.72,-1.38,0.28
0.82,0.77,1.02,-1.86,0.28
0.82,0.77,0.89,-2.18,0.08
0.82,0.77,1.51,-1.51,0.04
0.82,0.77,1.03,-1.40,0.02
0.82,0.76,1.07,-1.25,0.02
0.81,0.76,1.68,-1.10,0.21
0.82,0.77,1.55,-2.07,0.34
0.82,0.77,1.34,-2.32,0.26
0.82,0.76,1.11,-1.56,0.05
0.82,0.76,0.68,-1.29,-0.00
0.82,0.76,0.99,-1.41,0.10
0.82,0.75,1.12,-1.69,0.07
0.82,0.76,1.46,-1.82,0.10
0.82,0.76,2.06,-1.72,0.10
0.82,0.76,2.09,-1.30,0.07
0.82,0.77,2.01,-1.48,0.17
0.82,0.77,1.37,-1.86,0.12
0.82,0.77,1.55,-1.49,0.04
0.83,0.77,2.08,-1.79,0.14
0.83,0.77,1.71,-1.76,0.11
0.82,0.77,1.61,-0.87,-0.06
0.83,0.77,1.20,-1.80,0.11
0.83,0.77,0.95,-2.26,0.15
0.83,0.77,1.46,-1.73,0.14
0.84,0.77,1.79,-2.16,0.31
0.84,0.77,1.48,-2.05,0.23
0.84,0.77,1.42,-1.83,0.16
0.84,0.78,2.05,-1.69,0.23
0.84,0.78,1.50,-1.59,0.18
0.84,0.78,1.49,-1.46,0.19
0.84,0.79,2.86,-1.35,0.29
0.84,0.79,2.77,-1.36,0.30
0.83,0.79,2.06,-1.31,0.15
0.84,0.80,1.11,-2.38,-0.03
0.84,0.79,0.41,-2.61,0.11
0.84,0.78,0.91,-1.31,0.29
0.84,0.78,0.64,-1.34,0.18
0.84,0.78,1.18,-1.48,0.11
0.84,0.78,1.68,-1.37,0.09
0.85,0.78,1.46,-2.15,0.13
0.85,0.78,1.49,-2.26,0.27
0.85,0.78,1.63,-1.44,0.32
0.85,0.78,1.18,-1.81,0.26
0.85,0.78,1.20,-2.01,0.17
0.85,0.78,1.63,-1.49,0.07
0.86,0.78,1.86,-2.00,0.17
0.86,0.79,1.82,-2.02,0.38
0.86,0.78,1.35,-1.89,0.24
0.86,0.78,1.47,-1.41,-0.05
0.85,0.78,1.25,-1.11,-0.07
0.85,0.78,1.38,-1.65,0.08
0.86,0.78,1.63,-2.29,0.21
0.86,0.78,1.36,-2.33,0.21
0.86,0.78,0.96,-1.80,-0.02
0.86,0.78,1.59,-1.27,-0.11
0.86,0.78,1.53,-1.35,-0.01
0.86,0.78,1.34,-1.60,-0.03
0.86,0.78,1.71,-1.16,-0.08
0.86,0.78,1.22,-1.37,0.05
0.85,0.78,1.48,-1.44,0.09
0.85,0.78,1.21,-0.87,-0.04
0.85,0.78,1.05,-1.00,-1.11
0.85,0.78,1.50,-1.21,-0.98
0.84,0.78,1.01,-0.84,0.02
0.84,0.77,0.81,-0.99,0.07
0.84,0.77,1.22,-1.55,0.20
0.85,0.77,1.31,-2.32,0.28
0.84,0.77,1.23,-1.82,0.26
0.84,0.77,1.22,-1.11,0.06
0.84,0.77,0.66,-1.56,-1.01
0.84,0.76,0.83,-1.59,-0.84
0.84,0.76,1.45,-1.00,0.21
0.84,0.76,1.42,-1.54,0.12
0.84,0.76,1.28,-2.41,0.10
0.84,0.76,1.49,-1.99,0.06
0.84,0.76,1.38,-1.10,0.05
0.84,0.76,0.73,-0.91,0.04
0.84,0.76,1.06,-1.62,0.10
0.84,0.77,2.26,-1.61,0.10
0.84,0.77,2.12,-0.92,0.07
0.83,0.76,1.35,-1.05,0.07
0.84,0.76,0.70,-1.64,0.14
0.84,0.76,0.40,-1.92,0.26
0.84,0.75,0.84,-1.90,0.12
0.84,0.74,-0.37,-1.75,-0.01
0.84,0.73,-0.11,-1.50,0.14
0.84,0.73,1.66,-1.14,0.14
0.84,0.73,0.86,-1.36,0.04
0.84,0.72,0.06,-1.71,0.07
0.83,0.72,1.13,-1.45,0.00
0.84,0.72,0.52,-1.56,-0.24
0.84,0.71,-0.10,-2.19,-0.07
0.83,0.71,0.79,-0.75,0.10
0.83,0.71,1.61,-0.23,0.28
0.83,0.71,1.67,-1.36,0.35
0.82,0.71,1.36,-1.29,-0.03
0.83,0.71,1.41,-1.70,-0.25
0.83,0.71,0.97,-1.97,-0.08
0.83,0.71,0.82,-1.56,0.00
0.83,0.71,0.74,-2.15,-0.11
0.83,0.71,1.36,-2.10,0.02
0.83,0.71,2.04,-1.40,0.07
0.84,0.71,1.66,-1.94,0.08
0.84,0.71,1.35,-2.08,0.21
0.84,0.71,1.38,-1.57,0.19
0.84,0.71,1.04,-1.16,-0.07
0.83,0.71,1.35,-1.27,0.02
0.83,0.71,1.81,-1.51,0.18
0.84,0.71,1.33,-1.84,-0.01
0.84,0.71,1.13,-1.73,-0.06
0.84,0.71,1.57,-1.25,0.04
0.84,0.71,1.24,-2.25,0.33
0.84,0.71,0.87,-2.50,0.35
0.84,0.71,1.51,-1.84,0.04
0.85,0.71,1.39,-1.98,0.09
0.85,0.71,0.80,-2.05,0.16
0.85,0.71,1.11,-1.75,0.00
0.85,0.72,1.89,-1.42,0.15
0.85,0.71,1.70,-1.79,0.26
0.85,0.71,1.26,-1.86,0.11
0.86,0.71,1.13,-2.17,0.11
0.86,0.71,0.95,-2.09,0.12
0.86,0.71,1.09,-1.32,0.05
0.86,0.71,1.29,-1.67,0.27
0.86,0.71,0.96,-1.90,0.35
0.86,0.71,0.90,-1.81,0.21
0.86,0.71,1.60,-1.51,0.32
0.86,0.71,1.38,-1.48,0.32
0.86,0.71,1.00,-1.90,0.25
0.86,0.70,0.84,-2.12,0.23
0.87,0.70,0.79,-2.19,0.20
0.87,0.70,1.64,-1.84,0.09
0.87,0.71,1.56,-2.01,0.13
0.87,0.71,1.10,-1.95,0.18
0.87,0.70,1.45,-1.72,0.23
0.88,0.71,1.50,-2.11,0.31
0.88,0.71,1.59,-2.18,0.28
0.88,0.71,1.82,-1.84,0.22
0.88,0.71,1.70,-1.42,1.15
0.88,0.71,1.43,-1.20,1.08
0.87,0.71,1.56,-1.35,0.17
0.88,0.71,1.28,-2.04,0.29
0.88,0.71,1.37,-1.83,0.16
0.88,0.72,2.05,-1.17,0.10
0.87,0.71,0.91,-1.07,-0.06
0.87,0.71,0.36,-1.34,-0.14
0.87,0.71,1.24,-1.44,0.03
0.87,0.71,0.94,-1.34,0.18
0.87,0.71,1.21,-1.40,0.22
0.87,0.71,1.60,-1.44,0.06
0.87,0.71,1.46,-1.23,0.06
0.86,0.71,1.38,-1.27,0.20
0.86,0.71,1.20,-1.82,0.23
0.87,0.71,0.76,-2.06,0.13
0.87,0.70,0.78,-2.13,0.08
0.87,0.70,1.39,-1.51,0.08
0.87,0.71,1.57,-1.54,0.08
0.87,0.70,1.37,-1.82,0.13
0.87,0.70,1.18,-1.33,0.17
0.86,0.70,1.03,-0.58,0.24
0.86,0.70,0.94,-0.66,0.17
0.85,0.70,1.63,-1.24,0.14
0.85,0.71,1.75,-0.90,0.03
0.85,0.71,1.64,-0.97,0.06
0.85,0.71,1.65,-1.73,0.21
0.84,0.71,1.44,-0.89,0.14
0.84,0.71,1.23,-0.41,0.07
0.83,0.71,0.94,-1.56,-0.05
0.84,0.71,1.60,-2.34,-0.01
0.85,0.71,1.55,-2.27,0.11
0.84,0.71,0.91,-1.64,0.19
0.84,0.71,0.97,-1.20,0.07
0.84,0.71,1.04,-1.28,-0.12
0.84,0.70,1.50,-1.28,1.06
0.84,0.70,1.02,-0.91,1.02
0.84,0.70,0.78,-1.51,-0.11
0.83,0.70,1.25,-1.75,0.18
0.84,0.70,0.76,-1.90,0.16
0.84,0.69,0.84,-1.82,-0.03
0.84,0.69,1.24,-1.40,0.05
0.84,0.70,1.85,-1.48,0.11
0.84,0.70,2.25,-1.38,0.20
0.84,0.70,1.92,-1.50,0.28
0.84,0.71,1.45,-1.27,0.21
0.83,0.70,1.20,-0.98,0.00
0.83,0.70,1.44,-1.17,-0.03
0.84,0.71,1.42,-1.99,0.19
0.84,0.71,1.51,-2.31,0.31
0.84,0.71,1.22,-1.64,0.26
0.84,0.71,1.57,-0.92,0.30
0.83,0.71,1.85,-1.16,0.35
0.83,0.71,1.49,-1.49,0.24
0.84,0.71,1.28,-2.15,0.26
0.84,0.71,1.32,-2.60,0.33
0.84,0.71,1.75,-1.67,0.29
0.85,0.71,0.89,-1.79,0.12
0.84,0.71,0.41,-1.75,-0.08
0.84,0.70,1.00,-1.50,0.07
0.84,0.71,1.14,-1.16,0.01
0.84,0.70,1.25,-0.95,-0.08
0.84,0.70,1.43,-1.46,0.11
0.83,0.71,1.98,-0.89,0.09
0.83,0.71,1.91,-1.03,0.10
0.83,0.71,1.02,-1.73,0.16
0.84,0.71,0.72,-1.96,0.04
0.83,0.71,1.25,-1.53,0.03
0.83,0.71,1.84,-1.14,0.17
0.84,0.71,1.55,-1.78,0.47
0.83,0.71,1.03,-1.61,0.45
0.83,0.71,1.16,-1.25,0.06
0.83,0.71,1.57,-1.49,0.08
0.83,0.71,1.61,-1.76,0.14
0.84,0.71,1.49,-2.66,0.11
0.85,0.71,0.89,-2.97,0.30
0.85,0.71,0.55,-2.30,0.29
0.85,0.70,1.06,-1.73,0.09
0.86,0.70,-0.09,-2.03,-0.13
0.86,0.69,0.06,-1.98,-0.11
0.86,0.69,1.29,-1.78,0.20
0.86,0.69,0.82,-1.57,0.22
0.86,0.68,0.88,-1.38,0.03
0.86,0.68,1.21,-1.93,0.07
0.86,0.69,1.66,-2.22,0.21
0.86,0.69,1.85,-1.80,0.17
0.86,0.69,1.46,-1.69,0.09
0.87,0.70,2.02,-2.15,0.23
0.87,0.70,1.98,-2.00,0.17
0.87,0.70,1.25,-1.71,-0.04
0.87,0.70,1.92,-1.35,0.07
0.87,0.71,2.17,-1.15,0.28
0.87,0.71,1.55,-1.67,0.39
0.87,0.70,0.63,-2.35,0.22
0.88,0.70,0.71,-2.90,0.06
0.88,0.70,1.39,-2.39,0.06
0.89,0.71,1.91,-2.15,0.03
0.89,0.71,1.87,-2.19,0.01
0.89,0.71,1.46,-1.70,0.11
0.89,0.71,0.98,-1.44,0.06
0.88,0.70,1.09,-1.36,0.01
0.88,0.71,1.50,-1.78,0.03
0.88,0.71,1.40,-1.24,-0.01
0.88,0.71,1.63,-1.09,0.12
0.88,0.71,1.26,-1.60,0.11
0.88,0.71,1.47,-0.94,0.14
0.87,0.71,1.82,-0.61,0.01
0.87,0.71,1.69,-1.42,-0.14
0.87,0.71,1.34,-1.26,-0.06
0.86,0.71,1.27,-1.14,0.01
0.86,0.71,1.50,-1.46,0.09
0.87,0.71,0.75,-1.38,0.14
0.86,0.71,0.88,-1.54,1.18
0.86,0.70,1.25,-1.82,1.12
0.86,0.71,1.53,-1.48,0.09
0.86,0.71,1.65,-1.15,0.04
0.86,0.71,0.95,-1.48,0.04
0.86,0.70,0.65,-1.45,0.13
0.86,0.70,1.27,-1.48,0.07
0.86,0.70,1.44,-1.72,-0.04
0.86,0.70,1.26,-2.20,-0.00
0.87,0.70,1.32,-2.22,0.09
0.86,0.70,1.47,-1.33,0.06
0.86,0.70,1.05,-1.48,0.11
0.87,0.70,0.51,-2.02,0.11
0.86,0.69,0.86,-1.80,0.06
0.86,0.70,1.72,-0.99,0.02
0.86,0.70,2.08,-1.03,0.02
0.86,0.70,1.49,-1.84,0.22
0.86,0.71,1.29,-1.62,0.50
0.86,0.70,1.36,-1.38,0.22
0.86,0.70,1.27,-1.48,-0.09
0.86,0.71,1.89,-1.38,-0.05
0.86,0.71,1.80,-1.49,0.06
0.85,0.71,0.88,-1.61,0.13
0.85,0.71,0.74,-0.32,0.06
0.84,0.70,1.18,-0.43,0.16
0.84,0.70,1.83,-1.43,0.21
0.83,0.71,1.70,-0.38,0.17
0.83,0.71,1.62,-0.26,0.17
0.82,0.71,1.58,-1.10,0.11
0.83,0.72,1.80,-1.45,0.25
0.82,0.72,2.04,-1.41,0.27
0.82,0.72,1.66,-1.35,0.04
0.83,0.72,0.78,-1.88,-0.16
0.83,0.71,0.79,-1.85,-0.01
0.82,0.71,1.57,-1.24,0.23
0.82,0.72,1.91,-0.98,0.29
0.82,0.72,1.93,-1.11,0.17
0.82,0.72,1.68,-1.61,0.10
0.82,0.72,1.72,-1.92,0.31
0.83,0.73,1.45,-1.92,0.35
0.82,0.72,1.35,-1.49,0.17
0.82,0.72,1.07,-1.23,0.05
0.82,0.72,1.03,-1.28,0.04
0.82,0.72,1.81,-1.12,0.06
0.82,0.73,1.73,-0.82,-0.09
0.81,0.73,1.38,-1.22,-0.05
0.81,0.72,1.28,-1.72,0.08
0.81,0.73,1.35,-1.32,0.07
0.81,0.73,1.57,-1.20,0.06
0.81,0.73,1.78,-1.26,0.01
0.81,0.73,2.14,-0.78,-0.01
0.80,0.74,2.05,-0.76,0.09
0.80,0.74,1.86,-1.32,0.19
0.80,0.74,1.41,-1.27,0.08
0.80,0.74,0.79,-1.36,-0.03
0.80,0.73,0.70,-1.68,0.03
0.81,0.74,1.55,-1.98,0.18
0.80,0.73,1.63,-1.84,0.27
0.80,0.73,0.97,-1.44,0.28
0.80,0.74,1.54,-1.11,0.22
0.80,0.74,1.98,-0.96,0.12
0.80,0.74,1.39,-1.41,0.06
0.80,0.74,1.61,-1.34,0.16
0.80,0.74,2.05,-1.18,0.13
0.80,0.74,1.93,-1.48,0.01
0.80,0.75,1.41,-1.82,0.10
0.80,0.74,1.36,-1.72,0.07
0.80,0.74,1.89,-1.31,-0.03
0.80,0.75,1.65,-1.72,0.08
0.80,0.75,1.59,-2.03,0.25
0.81,0.75,1.67,-2.19,0.25
0.81,0.76,2.17,-1.57,-0.02
0.81,0.76,1.70,-1.07,-0.05
0.81,0.75,0.96,-1.68,0.17
0.82,0.75,0.96,-2.49,0.21
0.82,0.75,0.74,-2.59,0.14
0.82,0.75,1.10,-1.99,0.14
0.82,0.75,1.73,-1.89,0.35
0.82,0.75,1.65,-1.51,0.16
0.82,0.75,1.42,-1.40,-0.03
0.82,0.75,0.95,-0.95,-0.05
0.82,0.75,1.04,-1.08,0.05
0.81,0.75,1.84,-1.56,0.22
0.81,0.75,1.94,-0.89,0.01
0.81,0.75,1.56,-1.16,0.00
0.81,0.75,1.53,-1.55,0.15
0.81,0.75,1.14,-1.45,0.04
0.81,0.75,1.10,-1.75,0.08
0.81,0.75,1.88,-1.43,0.19
0.81,0.76,1.67,-1.78,0.21
0.82,0.76,1.50,-2.16,0.20
0.81,0.76,1.85,-1.44,-0.00
0.82,0.76,2.16,-1.97,-0.01
0.82,0.76,1.92,-2.18,0.04
0.82,0.77,1.80,-1.43,0.06
0.82,0.77,2.35,-0.86,0.11
0.81,0.78,2.14,-0.63,0.10
0.81,0.78,1.48,-1.15,0.09
0.81,0.78,1.37,-0.80,0.13
0.80,0.77,1.45,-0.62,0.28
0.80,0.78,1.61,-1.45,0.25
0.80,0.79,2.44,-1.14,0.11
0.80,0.79,2.24,-1.03,0.07
0.80,0.79,1.65,-1.46,0.17
0.80,0.79,1.94,-1.22,0.39
0.80,0.79,1.69,-1.47,0.30
0.80,0.79,1.66,-1.54,0.02
0.80,0.79,0.91,-1.31,-0.10
0.79,0.79,0.85,-1.08,-0.08
0.79,0.78,1.26,-0.95,0.14
0.79,0.78,0.98,-1.27,-0.90
0.79,0.78,1.35,-1.27,-0.84
0.79,0.78,1.35,-1.38,0.23
0.79,0.78,1.50,-2.14,0.22
0.80,0.78,1.25,-2.10,0.23
0.79,0.78,0.69,-1.56,0.05
0.80,0.77,0.34,-1.88,0.10
0.80,0.76,0.32,-2.00,0.29
0.80,0.76,1.15,-1.71,0.14
0.81,0.77,2.06,-2.22,0.07
0.81,0.77,2.12,-2.23,0.35
0.81,0.77,1.42,-1.45,0.20
0.81,0.77,1.39,-1.60,0.18
0.81,0.77,1.52,-1.63,0.26
0.81,0.77,1.20,-1.55,0.24
0.81,0.77,0.85,-0.98,0.12
0.81,0.76,1.02,-0.52,0.06
0.80,0.76,1.29,-1.06,0.12
0.80,0.77,1.84,-0.82,0.25
0.80,0.77,2.12,-1.03,0.35
0.80,0.77,1.55,-1.73,0.22
0.80,0.77,1.22,-1.48,-0.01
0.80,0.76,0.93,-1.34,-0.02
0.80,0.76,1.19,-1.42,0.10
0.80,0.77,1.98,-1.39,0.21
0.79,0.77,1.86,-1.19,0.34
0.79,0.77,1.44,-1.29,0.32
0.80,0.77,1.04,-2.29,0.22
0.80,0.76,0.85,-2.25,0.11
0.80,0.76,1.27,-1.35,0.21
0.80,0.76,1.21,-1.08,0.17
0.80,0.76,1.51,-1.32,0.11
0.80,0.76,1.77,-1.53,0.08
0.81,0.77,1.84,-2.34,0.06
0.81,0.77,1.84,-2.24,0.15
0.81,0.77,1.19,-1.44,0.19
0.81,0.76,0.03,-1.39,0.11
0.81,0.75,0.35,-1.21,0.12
0.80,0.75,1.47,-1.53,0.18
0.81,0.75,1.06,-2.09,0.28
0.81,0.75,0.73,-2.10,0.27
0.81,0.74,1.16,-1.74,0.11
0.82,0.75,1.00,-2.45,0.14
0.83,0.74,0.78,-2.37,1.16
0.82,0.74,1.33,-1.59,1.17
0.83,0.74,1.67,-1.73,0.16
0.83,0.74,1.49,-1.91,0.11
0.83,0.74,1.29,-2.30,0.17
0.83,0.75,1.73,-1.42,0.15
0.83,0.75,1.75,-0.86,0.21
0.83,0.75,1.70,-1.47,0.33
0.83,0.75,2.09,-1.34,0.05
0.83,0.75,1.62,-1.48,-0.14
0.82,0.75,1.43,-1.56,0.11
0.83,0.75,1.17,-1.32,0.12
0.82,0.75,1.12,-1.36,-0.02
0.82,0.75,1.89,-1.45,0.02
0.82,0.76,2.05,-1.43,0.19
0.82,0.76,1.65,-1.40,0.20
0.82,0.76,1.36,-1.68,0.16
0.83,0.76,2.02,-1.87,0.42
0.83,0.77,1.75,-1.86,0.34
0.83,0.76,1.28,-1.48,0.17
0.82,0.77,1.80,-0.83,0.01
0.82,0.77,2.12,-1.09,-0.07
0.82,0.77,1.70,-1.70,0.07
0.82,0.78,2.26,-1.41,0.25
0.82,0.78,2.16,-1.21,0.31
0.82,0.78,1.76,-1.40,0.14
0.82,0.78,1.66,-1.96,0.09
0.82,0.78,0.97,-1.95,0.08
0.82,0.78,1.51,-1.31,0.07
0.82,0.78,0.91,-1.33,0.17
0.82,0.77,0.12,-1.67,0.08
0.82,0.77,0.84,-1.80,0.11
0.82,0.77,2.05,-0.96,0.14
0.82,0.77,1.92,-1.16,0.09
0.82,0.77,1.22,-1.76,0.21
0.82,0.77,0.78,-1.94,0.28
0.82,0.77,0.92,-1.82,0.11
0.82,0.77,1.59,-1.26,0.03
0.83,0.77,1.37,-2.05,-1.03
0.83,0.77,1.35,-2.04,-1.07
0.83,0.77,1.39,-1.43,0.14
0.82,0.77,1.74,-1.07,0.25
0.82,0.77,2.14,-0.85,0.14
0.82,0.78,2.15,-1.31,0.11
0.82,0.78,2.17,-0.69,0.08
0.81,0.78,1.51,-0.39,0.02
0.81,0.78,0.97,-1.30,0.14
0.81,0.78,1.60,-0.98,0.24
0.80,0.78,1.66,-1.07,0.21
0.80,0.78,1.25,-1.57,0.08
0.81,0.78,0.59,-1.71,-0.08
0.81,0.77,0.68,-1.91,-0.10
0.81,0.77,1.81,-1.71,0.14
0.80,0.78,2.49,-0.89,0.21
0.80,0.78,2.13,-0.87,0.19
0.80,0.78,1.40,-1.56,0.22
0.80,0.78,0.86,-1.35,-0.06
0.80,0.78,1.20,-1.27,-0.14
0.80,0.78,1.98,-1.26,0.09
0.79,0.78,1.57,-0.93,0.13
0.79,0.78,1.38,-0.98,0.15
0.79,0.78,1.23,-2.24,0.10
0.80,0.78,1.09,-1.73,-0.25
0.79,0.78,1.62,-0.70,-0.13
0.79,0.78,1.98,-1.25,0.28
0.80,0.77,0.29,-2.00,0.20
0.80,0.76,-0.05,-2.27,0.09
0.80,0.76,1.06,-1.72,0.02
0.80,0.76,1.60,-0.94,-0.19
0.80,0.76,1.73,-1.09,-0.13
0.79,0.76,1.33,-1.78,0.10
0.80,0.76,1.03,-1.25,0.11
0.79,0.76,0.90,-1.03,-0.02
0.79,0.76,1.54,-1.53,0.00
0.79,0.76,1.38,-1.18,0.00
0.79,0.76,1.21,-0.64,0.03
0.78,0.76,1.49,-0.78,0.13
0.78,0.76,1.57,-0.87,0.12
0.78,0.76,1.54,-1.26,0.07
0.78,0.76,1.61,-1.34,-0.07
0.78,0.76,1.38,-1.61,-0.12
0.78,0.76,1.08,-2.09,0.07
0.78,0.76,1.62,-1.67,0.25
0.79,0.76,1.13,-2.06,0.14
0.79,0.76,0.93,-1.96,0.06
0.79,0.75,1.62,-1.32,0.21
0.79,0.76,1.89,-1.95,0.25
0.80,0.76,2.00,-2.21,0.31
0.79,0.76,1.80,-1.81,0.33
0.80,0.76,1.00,-1.80,0.19
0.80,0.76,1.44,-1.72,0.03
0.80,0.76,1.80,-1.62,0.02
0.80,0.76,0.79,-1.70,-0.09
0.80,0.75,0.79,-1.75,-0.07
0.80,0.75,1.11,-1.90,0.16
0.81,0.76,1.98,-1.53,0.25
0.80,0.76,2.03,-1.09,0.28
0.80,0.76,1.54,-1.02,0.21
0.80,0.77,1.95,-1.10,0.25
0.80,0.77,2.05,-1.29,0.15
0.80,0.77,1.79,-1.64,0.07
0.80,0.77,1.42,-1.21,0.10
0.80,0.77,1.18,-1.76,-0.03
0.80,0.77,1.31,-2.48,0.01
0.80,0.77,1.47,-1.13,0.00
0.80,0.77,1.52,-1.13,0.06
0.80,0.77,1.59,-1.58,0.19
0.81,0.77,1.13,-2.14,0.26
0.81,0.77,1.18,-3.20,0.20
0.81,0.77,1.49,-2.27,0.09
0.82,0.77,1.19,-1.50,0.09
0.81,0.76,1.21,-1.91,0.11
0.81,0.76,1.34,-1.61,1.18
0.81,0.77,1.60,-0.83,1.26
0.81,0.77,2.01,-0.96,0.29
0.81,0.77,1.59,-1.80,0.09
0.82,0.77,1.91,-2.65,-0.00
0.82,0.77,2.10,-2.28,0.10
0.82,0.77,1.36,-1.54,0.17
0.82,0.77,0.91,-1.13,0.03
0.81,0.77,0.76,-0.93,0.01
0.81,0.76,1.08,-1.49,0.08
0.82,0.76,0.77,-2.20,0.13
0.82,0.76,0.98,-2.09,0.11
0.82,0.76,1.45,-1.73,0.13
0.82,0.76,1.92,-1.02,0.19
0.82,0.77,2.23,-0.88,0.05
0.82,0.77,1.70,-1.80,-0.01
0.82,0.77,2.11,-1.39,0.04
0.82,0.78,2.05,-1.25,0.07
0.82,0.77,1.33,-1.82,0.07
0.82,0.78,1.94,-1.30,0.17
0.81,0.78,2.17,-0.76,1.21
0.81,0.78,1.31,-1.35,1.10
0.81,0.78,1.34,-1.41,0.00
0.81,0.78,1.73,-1.46,0.02
0.81,0.78,1.17,-1.94,0.06
0.82,0.77,0.33,-2.38,0.16
0.82,0.77,0.61,-2.36,0.09
0.82,0.77,1.35,-1.81,-0.05
0.83,0.77,1.31,-2.09,0.04
0.83,0.77,1.23,-1.95,0.12
0.83,0.76,1.49,-1.24,0.17
0.83,0.77,1.88,-1.05,0.34
0.82,0.77,2.06,-0.93,0.19
0.82,0.77,1.78,-1.27,-0.00
0.82,0.78,1.59,-1.23,0.12
0.82,0.78,1.68,-1.12,0.10
0.82,0.78,1.46,-1.34,0.06
0.82,0.78,1.89,-1.81,0.20
0.82,0.78,2.37,-1.67,0.29
0.82,0.78,1.81,-1.17,0.19
0.81,0.79,1.63,-0.70,1.12
0.81,0.79,1.66,-0.50,1.09
0.81,0.79,1.44,-1.31,0.17
0.82,0.79,1.55,-2.62,0.44
0.82,0.79,1.76,-2.35,0.33
0.81,0.79,1.59,-1.24,-0.00
0.81,0.79,1.90,-0.96,-0.02
0.81,0.80,2.31,-0.89,0.09
0.81,0.80,1.55,-1.36,0.25
0.81,0.79,0.66,-1.26,0.19
0.81,0.79,0.75,-1.23,-0.10
0.80,0.79,1.35,-1.38,-0.08
0.81,0.79,0.90,-2.05,0.16
0.81,0.78,1.00,-1.96,0.28
0.81,0.78,1.28,-1.43,0.20
0.81,0.78,0.74,-1.22,-0.00
0.81,0.78,1.47,-1.00,-0.13
0.80,0.78,1.97,-1.10,0.01
0.81,0.78,1.37,-1.35,0.08
0.80,0.78,1.28,-1.43,0.07
0.80,0.78,1.68,-1.19,0.12
0.81,0.78,1.13,-1.97,0.31
0.81,0.77,0.90,-1.88,0.25
0.81,0.77,1.26,-2.18,-0.03
0.82,0.78,1.67,-2.78,0.11
0.82,0.78,1.86,-1.80,0.33
0.82,0.77,1.52,-1.13,0.29
0.82,0.77,1.00,-0.99,0.16
0.82,0.77,1.00,-1.48,0.05
0.82,0.77,1.45,-1.54,0.14
0.82,0.77,1.34,-1.35,0.24
0.82,0.77,1.43,-1.42,0.10
0.81,0.77,1.27,-1.39,0.15
0.82,0.77,1.67,-1.63,0.36
0.82,0.77,1.74,-1.84,0.26
0.82,0.77,1.17,-1.82,0.05
0.82,0.77,1.05,-1.13,-0.04
0.81,0.77,1.18,-0.86,0.00
0.81,0.77,1.19,-1.28,0.17
0.81,0.77,1.16,-0.81,0.27
0.80,0.77,1.52,-0.81,0.22
0.80,0.77,1.88,-1.18,0.26
0.80,0.77,1.88,-1.03,0.40
0.80,0.77,1.56,-1.00,0.22
0.79,0.77,1.53,-1.19,0.07
0.80,0.77,1.15,-1.31,0.19
0.79,0.77,1.31,-1.28,0.19
0.79,0.77,1.88,-1.00,-1.05
0.79,0.78,2.28,-0.63,-1.11
0.78,0.78,1.49,-1.35,0.10
0.78,0.77,0.81,-1.68,0.29
0.78,0.77,1.05,-0.77,0.34
0.78,0.77,1.05,-1.00,0.18
0.78,0.77,1.38,-1.66,0.12
0.78,0.77,0.94,-0.74,0.05
0.77,0.77,0.93,-0.79,0.06
0.77,0.76,1.25,-1.61,0.15
0.78,0.77,1.87,-1.62,0.32
0.77,0.77,2.27,-1.55,0.31
0.77,0.77,1.93,-1.49,0.20
0.78,0.78,1.91,-1.61,0.25
0.78,0.78,1.82,-1.57,0.19
0.77,0.78,1.92,-1.45,0.16
0.78,0.79,2.03,-1.74,0.23
0.78,0.79,2.06,-1.75,0.17
0.78,0.79,1.73,-1.35,0.05
0.78,0.80,2.27,-1.16,0.15
0.78,0.80,2.11,-1.31,0.21
0.78,0.79,0.84,-1.66,0.17
0.78,0.80,1.81,-1.46,0.21
0.78,0.80,2.01,-1.55,0.20
0.78,0.80,1.22,-1.69,0.13
0.78,0.80,1.21,-0.87,0.10
0.77,0.80,1.02,-0.96,0.05
0.77,0.79,1.10,-1.74,0.12
0.78,0.79,1.34,-1.49,0.07
0.77,0.79,1.82,-1.05,-0.02
0.77,0.79,1.75,-1.23,-0.00
0.77,0.80,1.72,-1.49,-0.14
0.78,0.80,1.70,-1.82,-0.01
0.78,0.80,1.49,-1.79,0.25
0.77,0.80,1.85,-0.92,0.12
0.77,0.80,1.91,-0.86,-0.02
0.77,0.80,1.56,-1.49,0.11
0.78,0.80,0.30,-2.21,0.15
0.78,0.79,0.23,-2.05,0.06
0.78,0.79,1.42,-1.50,0.17
0.78,0.79,1.73,-2.07,0.36
0.78,0.79,2.00,-2.00,0.22
0.78,0.80,2.02,-1.41,0.19
0.79,0.80,1.81,-2.03,0.39
0.79,0.80,1.43,-2.19,0.37
0.79,0.80,1.60,-2.41,0.23
0.80,0.81,2.28,-2.19,0.11
0.80,0.81,2.20,-1.20,0.04
0.80,0.81,1.82,-1.33,0.06
0.80,0.81,1.81,-1.85,0.07
0.80,0.81,1.48,-2.20,0.23
0.80,0.81,1.04,-1.74,0.28
0.81,0.81,1.80,-1.36,0.07
0.80,0.81,1.85,-1.66,0.03
0.80,0.81,1.32,-1.70,0.01
0.81,0.81,1.11,-1.63,0.00
0.81,0.81,0.80,-1.79,0.20
0.81,0.80,1.17,-1.86,0.28
0.82,0.81,1.86,-2.47,0.25
0.82,0.81,1.72,-2.18,0.14
0.82,0.81,1.46,-1.57,0.00
0.83,0.81,1.25,-2.11,0.24
0.83,0.80,1.17,-1.77,0.37
0.82,0.80,1.50,-1.06,0.26
0.83,0.81,1.56,-2.08,0.30
0.83,0.81,1.65,-2.69,0.25
0.83,0.80,1.41,-1.97,0.14
0.83,0.81,1.65,-0.64,0.11
0.82,0.81,1.56,-0.44,0.11
0.82,0.80,0.90,-1.34,0.13
0.83,0.80,0.30,-1.92,0.21
0.83,0.79,0.36,-2.10,0.21
0.83,0.79,1.16,-1.55,0.17
0.83,0.79,1.01,-1.87,0.07
0.83,0.78,0.86,-1.82,-0.04
0.83,0.78,1.09,-1.60,0.14
0.84,0.78,0.63,-2.40,0.25
0.84,0.77,0.54,-2.32,0.14
0.84,0.77,0.99,-1.58,0.00
0.85,0.76,0.58,-1.68,0.02
0.85,0.76,0.47,-2.00,0.10
0.85,0.76,1.35,-2.01,0.11
0.85,0.76,2.06,-1.09,0.00
0.84,0.76,1.85,-0.53,0.01
0.84,0.76,1.00,-1.26,0.10
0.84,0.76,1.00,-1.95,0.19
0.84,0.76,1.59,-1.76,0.27
0.84,0.76,1.56,-1.32,0.17
0.85,0.76,0.77,-2.26,0.18
0.85,0.75,0.69,-2.19,0.11
0.85,0.75,1.36,-1.39,-0.01
0.84,0.75,1.25,-1.06,-0.06
0.84,0.75,1.27,-1.31,0.07
0.84,0.75,1.84,-1.73,0.22
0.84,0.76,1.63,-0.65,-0.00
0.83,0.75,1.16,-0.65,-0.09
0.83,0.75,1.06,-1.26,-0.06
0.83,0.75,0.92,-1.42,0.16
0.83,0.75,1.66,-1.85,0.33
0.83,0.75,2.40,-1.70,0.23
0.83,0.76,2.54,-1.47,0.31
0.83,0.76,2.02,-1.69,0.36
0.83,0.76,1.31,-1.63,0.22
0.84,0.77,1.57,-1.79,0.37
0.84,0.77,1.47,-2.16,0.48
0.84,0.76,1.52,-1.88,0.18
0.84,0.77,2.06,-1.72,0.15
0.84,0.77,1.73,-1.48,0.11
0.84,0.77,1.73,-1.37,-0.01
0.84,0.77,1.14,-1.94,0.14
0.84,0.77,0.47,-1.99,0.31
0.84,0.76,1.00,-1.41,0.21
0.84,0.77,1.80,-1.40,0.25
0.84,0.77,1.65,-1.85,0.22
0.84,0.77,0.93,-2.00,0.08
0.84,0.77,1.10,-1.14,0.17
0.84,0.76,1.30,-1.00,0.19
0.84,0.76,1.62,-1.32,0.14
0.84,0.77,2.09,-1.93,0.19
0.84,0.77,1.83,-2.08,0.11
0.84,0.77,1.33,-1.43,0.06
0.84,0.78,2.13,-0.87,0.21
0.84,0.78,2.51,-1.08,0.28
0.84,0.78,1.93,-1.63,0.25
0.83,0.79,1.77,-1.05,0.21
0.83,0.78,1.55,-1.14,0.16
0.83,0.78,0.99,-1.36,0.12
0.83,0.78,0.83,-1.65,0.11
0.83,0.78,1.30,-1.65,0.16
0.83,0.78,1.78,-1.54,0.24
0.83,0.78,2.01,-1.79,0.18
0.83,0.78,1.71,-1.53,0.06
0.83,0.78,1.35,-1.21,0.03
0.83,0.78,1.13,-1.63,0.25
0.84,0.78,0.80,-2.27,0.28
0.84,0.78,1.18,-1.91,0.02
0.84,0.78,0.96,-1.45,-0.13
0.84,0.77,0.96,-1.58,0.03
0.84,0.77,1.19,-1.85,0.21
0.84,0.78,2.07,-1.42,0.29
0.84,0.78,2.16,-1.50,0.21
0.84,0.78,1.39,-1.86,0.11
0.84,0.79,2.00,-1.09,0.24
0.83,0.78,1.66,-1.15,0.31
0.83,0.78,1.24,-1.62,0.35
0.83,0.78,0.74,-1.44,0.25
0.83,0.78,1.01,-1.42,0.00
0.83,0.78,1.77,-1.39,-0.03
0.83,0.78,2.15,-1.75,0.08
0.83,0.79,2.11,-1.96,0.25
0.83,0.79,1.76,-1.59,0.29
0.83,0.80,2.54,-0.79,0.21
0.82,0.80,2.43,-0.49,0.13
0.82,0.80,1.69,-1.08,0.05
0.82,0.81,1.84,-1.29,0.20
0.82,0.80,1.81,-1.34,0.31
0.82,0.80,1.34,-1.08,0.22
0.81,0.80,0.96,-0.85,0.13
0.81,0.80,1.28,-1.06,-1.12
0.81,0.80,1.98,-1.31,-1.06
0.81,0.81,2.46,-1.62,0.31
0.81,0.81,1.84,-1.70,0.31
0.81,0.80,0.93,-1.43,0.17
0.82,0.80,0.82,-2.05,0.27
0.82,0.80,1.13,-2.11,0.17
0.82,0.80,1.51,-1.41,0.02
0.82,0.80,1.70,-1.70,0.18
0.82,0.80,1.60,-1.41,0.17
0.82,0.80,0.97,-1.33,0.08
0.82,0.80,1.41,-1.94,0.28
0.82,0.80,1.87,-1.96,0.31
0.82,0.80,1.84,-1.56,0.20
0.82,0.81,2.06,-0.79,1.15
0.82,0.81,1.79,-1.01,1.18
0.81,0.81,1.69,-1.60,0.11
0.81,0.81,1.80,-0.78,0.00
0.81,0.81,1.45,-0.52,-0.03
0.80,0.81,1.14,-1.46,0.04
0.81,0.81,1.81,-1.82,1.16
0.81,0.81,1.98,-1.42,1.18
0.80,0.81,1.32,-1.13,0.07
0.81,0.82,1.55,-1.79,0.22
0.81,0.81,1.65,-2.20,0.24
0.81,0.81,1.31,-1.79,-0.03
0.82,0.81,0.81,-1.81,0.00
0.81,0.81,1.13,-1.63,0.04
0.81,0.81,1.77,-1.18,0.19
0.82,0.81,0.96,-1.70,0.47
0.82,0.80,0.68,-2.19,0.29
0.82,0.80,1.32,-1.66,0.11
0.82,0.80,1.51,-2.01,0.15
0.82,0.80,1.40,-2.34,0.13
0.83,0.80,1.35,-1.91,0.23
0.83,0.80,0.90,-1.64,0.25
0.83,0.79,0.67,-1.60,0.11
0.83,0.79,1.28,-1.51,0.04
0.82,0.80,2.20,-0.52,1.09
0.82,0.80,2.35,-0.56,0.99
0.81,0.80,1.74,-1.39,0.03
0.82,0.80,1.66,-2.05,0.29
0.82,0.80,1.65,-2.10,0.14
0.82,0.80,1.49,-1.42,-0.02
0.83,0.80,0.77,-2.16,-0.04
0.83,0.79,0.23,-2.32,-0.08
0.83,0.79,0.72,-1.66,0.16
0.83,0.79,1.63,-1.52,0.38
0.83,0.79,2.07,-1.35,0.42
0.83,0.79,1.38,-1.50,0.17
0.83,0.79,0.61,-1.66,-0.16
0.83,0.78,0.96,-1.61,-0.18
0.83,0.78,1.46,-1.42,0.04
0.83,0.78,0.70,-1.09,0.17
0.82,0.78,0.91,-0.98,0.17
0.82,0.77,1.19,-1.52,0.14
0.83,0.77,0.40,-2.22,0.10
0.83,0.76,0.30,-2.09,0.03
0.83,0.76,1.07,-1.49,0.06
0.83,0.76,1.19,-1.24,0.04
0.83,0.76,0.87,-1.43,-0.03
0.83,0.75,0.93,-2.43,-0.02
0.85,0.75,0.71,-3.11,-0.11
0.85,0.75,0.96,-2.44,-0.03
0.85,0.75,1.51,-1.47,0.21
0.84,0.74,0.80,-0.66,0.22
0.84,0.74,0.42,-0.67,0.07
0.83,0.74,1.03,-1.23,-0.03
0.83,0.74,0.96,-1.26,-0.09
0.83,0.73,0.92,-1.56,0.01
0.83,0.73,1.33,-1.66,0.21
0.83,0.73,1.50,-1.18,0.20
0.83,0.73,1.14,-1.59,0.13
0.83,0.73,1.22,-1.81,0.07
0.83,0.73,0.89,-1.54,-0.26
0.83,0.73,0.98,-1.70,-0.23
0.83,0.73,1.52,-1.82,0.15
0.83,0.73,0.97,-1.06,0.08
0.83,0.72,1.14,-1.00,0.00
0.83,0.72,1.33,-1.68,-0.05
0.83,0.72,0.87,-1.84,-0.08
0.83,0.72,1.04,-1.99,-0.01
0.83,0.72,1.40,-1.59,0.04
0.83,0.72,1.21,-1.13,0.18
0.83,0.72,1.17,-1.04,0.20
0.82,0.72,1.37,-0.99,0.14
0.83,0.72,1.04,-1.71,-0.18
0.83,0.72,1.06,-2.12,-0.12
0.83,0.71,1.29,-1.61,0.28
0.83,0.72,1.34,-1.12,0.14
0.83,0.72,1.45,-1.04,-0.05
0.82,0.71,1.60,-1.48,-1.02
0.83,0.72,1.26,-1.35,-1.05
0.82,0.71,0.67,-1.20,-0.06
0.82,0.71,0.87,-1.54,-0.02
0.82,0.72,1.62,-0.89,0.17
0.81,0.72,1.87,-0.83,0.30
0.81,0.71,1.57,-1.61,0.12
0.81,0.72,2.19,-1.16,-0.02
0.81,0.73,2.48,-0.87,-0.05
0.81,0.73,1.79,-1.33,0.09
0.82,0.73,1.42,-2.05,0.38
0.82,0.73,1.20,-2.32,0.28
0.82,0.73,1.12,-2.07,0.02
0.82,0.73,1.80,-1.04,-0.07
0.81,0.74,2.22,-0.27,-0.03
0.81,0.74,1.80,-0.91,0.10
0.80,0.73,0.86,-0.60,0.06
0.80,0.73,0.54,-0.71,-0.11
0.80,0.73,1.23,-1.47,-0.14
0.79,0.73,1.45,-0.83,-0.15
0.79,0.73,1.16,-0.92,-0.13
0.79,0.73,1.24,-1.30,0.10
0.78,0.73,0.84,-0.14,0.09
0.78,0.72,0.86,-0.40,0.07
0.78,0.72,1.26,-1.81,-0.99
0.78,0.72,0.61,-2.04,-1.16
0.78,0.72,1.05,-1.41,-0.08
0.78,0.72,1.67,-1.07,0.11
0.78,0.72,1.44,-1.97,0.28
0.79,0.72,1.41,-2.04,0.21
0.79,0.72,1.14,-1.78,0.02
0.79,0.71,0.29,-2.20,-0.04
0.79,0.71,0.81,-1.73,0.00
0.79,0.71,2.09,-1.06,0.05
0.79,0.71,1.38,-1.23,-0.06
0.79,0.71,0.99,-1.48,-0.03
0.79,0.71,1.53,-1.66,0.05
0.80,0.71,1.15,-1.94,-0.11
0.79,0.71,1.41,-1.61,-0.00
0.79,0.71,1.67,-1.31,0.13
0.80,0.72,1.78,-1.66,0.17
0.80,0.72,2.04,-1.76,0.21
0.80,0.72,1.29,-1.45,0.14
0.79,0.72,1.66,-0.84,0.03
0.79,0.72,1.90,-1.26,0.10
0.79,0.72,1.05,-1.83,0.27
0.79,0.72,1.78,-1.20,0.28
0.79,0.73,2.17,-1.12,0.28
0.79,0.73,1.46,-1.61,0.21
0.80,0.73,1.17,-1.78,0.14
0.79,0.72,0.87,-1.72,0.14
0.79,0.72,1.05,-1.42,0.18
0.80,0.72,0.82,-2.00,0.19
0.80,0.72,1.07,-2.00,0.13
0.80,0.72,1.73,-1.60,0.07
0.81,0.72,0.86,-2.40,-0.12
0.81,0.71,0.73,-2.37,-0.04
0.81,0.71,1.16,-1.55,0.16
0.82,0.71,1.01,-2.16,0.33
0.82,0.71,1.62,-2.40,0.38
0.82,0.71,1.95,-1.51,0.17
0.83,0.71,0.76,-2.74,0.07
0.84,0.71,0.55,-3.00,0.14
0.83,0.70,1.05,-1.91,0.24
0.84,0.71,1.13,-2.25,0.26
0.85,0.71,1.39,-2.33,0.16
0.85,0.70,1.31,-1.71,-0.03
0.85,0.71,1.40,-1.10,-0.19
0.84,0.71,1.59,-1.31,0.01
0.84,0.71,1.66,-1.60,0.39
0.84,0.71,2.01,-0.96,0.37
0.83,0.72,1.88,-0.90,0.13
0.83,0.71,1.14,-1.38,-0.03
0.84,0.72,1.49,-1.50,-0.03
0.84,0.72,1.66,-1.77,0.06
0.83,0.71,0.96,-1.80,0.19
0.83,0.72,1.10,-0.89,0.28
0.83,0.72,1.42,-0.94,0.17
0.83,0.71,1.06,-1.79,0.05
0.83,0.71,0.92,-1.76,0.11
0.83,0.71,1.55,-1.54,0.17
0.83,0.71,1.82,-1.71,0.20
0.83,0.71,0.92,-1.44,0.05
0.83,0.71,0.62,-1.19,0.03
0.83,0.71,1.12,-1.78,0.11
0.84,0.70,-0.11,-2.30,0.01
0.84,0.69,-0.05,-2.10,0.01
0.84,0.69,1.48,-1.55,0.21
0.84,0.69,0.63,-1.44,0.15
0.84,0.68,0.22,-1.75,0.07
0.84,0.68,0.89,-1.62,0.16
0.84,0.68,1.17,-2.13,0.12
0.84,0.68,1.43,-2.21,0.11
0.84,0.68,1.72,-1.36,0.11
0.84,0.69,2.50,-0.84,0.18
0.84,0.70,2.58,-1.78,0.16
0.84,0.70,1.51,-2.47,0.02
0.84,0.70,1.42,-1.29,0.00
0.84,0.70,1.77,-0.85,0.04
0.83,0.70,1.77,-0.91,0.11
0.83,0.70,1.23,-1.10,0.03
0.83,0.70,1.24,-1.27,-0.01
0.83,0.70,1.61,-1.40,0.03
0.83,0.71,1.36,-1.74,0.07
0.83,0.70,1.22,-1.48,0.07
0.83,0.70,1.25,-1.26,0.04
0.83,0.70,1.11,-1.24,0.11
0.83,0.70,1.24,-0.87,0.13
0.82,0.70,1.65,-0.96,0.14
0.82,0.71,1.89,-1.62,0.14
0.82,0.71,1.76,-1.71,0.05
0.82,0.71,1.35,-1.55,0.03
0.83,0.71,0.73,-1.92,0.27
0.83,0.70,0.43,-2.06,0.22
0.83,0.70,1.32,-1.74,-0.03
0.84,0.70,1.50,-2.02,-0.06
0.84,0.70,1.35,-2.13,0.09
0.84,0.70,1.55,-1.56,0.16
0.84,0.71,1.90,-1.67,0.28
0.84,0.71,1.77,-1.95,0.28
0.84,0.71,1.32,-1.78,-0.07
0.84,0.71,0.62,-1.35,-0.14
0.84,0.70,0.83,-1.29,0.03
0.84,0.70,1.63,-1.25,0.09
0.84,0.70,0.90,-1.99,0.19
0.84,0.70,0.79,-2.59,0.23
0.84,0.70,1.47,-1.67,0.17
0.84,0.70,0.76,-1.42,0.06
0.84,0.69,0.99,-1.53,0.00
0.84,0.70,1.75,-1.06,0.15
0.84,0.70,1.53,-0.52,0.17
0.83,0.70,1.90,-0.89,-0.02
0.83,0.70,1.87,-1.54,-0.08
0.83,0.71,1.41,-0.61,-0.06
0.82,0.70,1.39,-0.63,-0.02
0.82,0.71,1.70,-1.40,0.17
0.82,0.70,0.75,-1.55,0.11
0.82,0.70,0.28,-1.85,0.09
0.82,0.69,0.77,-1.90,0.14
0.83,0.69,0.72,-1.94,0.08
0.83,0.69,0.87,-1.65,0.14
0.82,0.69,1.30,-1.33,0.18
0.83,0.69,0.93,-1.61,0.17
0.83,0.68,0.75,-1.45,0.13
0.82,0.68,1.01,-1.24,-0.02
0.83,0.69,1.28,-1.90,0.04
0.83,0.68,1.55,-2.18,0.14
0.83,0.68,1.17,-1.90,0.08
0.84,0.69,1.38,-2.32,0.25
0.84,0.69,1.65,-2.21,0.14
0.84,0.69,1.61,-1.79,-0.07
0.85,0.69,0.76,-2.68,-0.03
0.85,0.68,0.75,-2.18,0.08
0.85,0.68,1.28,-1.17,0.21
0.85,0.68,1.17,-0.87,0.21
0.84,0.68,1.61,-0.71,0.05
0.84,0.68,2.01,-0.58,-0.11
0.83,0.69,2.11,-0.10,-0.07
0.82,0.69,1.60,-0.64,0.05
0.82,0.69,1.40,-1.19,0.11
0.82,0.70,1.53,-1.21,0.28
0.82,0.70,1.73,-1.29,0.20
0.82,0.70,2.09,-2.36,0.01
0.82,0.71,2.43,-1.59,0.05
0.82,0.71,2.27,-0.63,0.10
0.82,0.71,1.35,-1.43,0.13
0.82,0.71,0.74,-2.06,0.24
0.83,0.71,1.18,-2.04,0.23
0.82,0.71,1.67,-1.33,0.10
0.82,0.71,1.40,-0.68,0.04
0.81,0.71,1.35,-0.64,0.07
0.81,0.71,1.32,-1.39,0.15
0.82,0.71,1.09,-1.87,0.08
0.82,0.71,1.21,-2.08,0.03
0.82,0.71,1.94,-1.35,0.09
0.82,0.72,2.09,-1.51,0.21
0.82,0.72,1.22,-2.03,0.27
0.82,0.71,1.01,-1.44,0.17
0.82,0.72,1.53,-0.90,0.07
0.81,0.72,1.65,-0.90,0.08
0.81,0.72,1.56,-1.59,0.03
0.82,0.72,1.95,-1.80,0.11
0.81,0.73,2.19,-1.55,0.15
0.81,0.73,1.65,-1.46,0.09
0.81,0.73,1.36,-1.20,0.18
0.81,0.73,1.69,-1.12,0.18
0.81,0.73,1.60,-1.07,0.13
0.80,0.73,1.34,-0.42,-0.04
0.80,0.73,1.25,-1.05,-0.06
0.80,0.73,1.38,-1.95,0.06
0.80,0.73,1.32,-1.32,0.16
0.80,0.73,1.39,-1.19,0.21
0.80,0.73,1.60,-1.66,0.12
0.80,0.74,1.83,-1.37,0.02
0.80,0.74,1.70,-1.61,0.09
0.80,0.73,1.17,-1.86,0.25
0.81,0.73,0.81,-1.84,0.17
0.81,0.73,0.71,-2.12,0.03
0.80,0.73,1.61,-1.56,0.11
0.82,0.73,1.39,-2.26,0.25
0.82,0.73,1.07,-2.19,0.28
0.81,0.73,1.35,-1.26,0.27
0.82,0.73,1.54,-1.41,0.37
0.81,0.73,1.98,-1.24,0.22
0.81,0.73,2.00,-1.05,-1.10
0.81,0.74,1.42,-0.82,-1.24
0.80,0.73,1.04,-0.91,-0.11
0.80,0.73,1.26,-1.42,0.21
0.80,0.74,1.63,-1.24,0.18
0.80,0.74,1.87,-0.96,0.08
0.80,0.74,1.35,-1.51,0.13
0.80,0.73,0.71,-1.81,0.09
0.80,0.73,0.75,-1.90,0.13
0.80,0.73,1.05,-1.72,0.12
0.81,0.73,1.07,-2.00,0.14
0.81,0.73,1.39,-1.83,0.07
0.81,0.73,1.44,-1.36,-0.02
0.81,0.73,1.14,-1.19,-0.06
0.81,0.72,0.86,-1.14,-0.02
0.80,0.72,0.83,-1.49,0.15
0.81,0.72,1.06,-1.66,0.40
0.81,0.72,1.24,-1.74,0.27
0.81,0.72,1.55,-1.52,-0.05
0.81,0.72,1.32,-1.38,-0.16
0.81,0.72,1.14,-1.51,-0.04
0.81,0.72,1.24,-1.70,0.25
0.81,0.72,0.87,-1.97,0.17
0.81,0.72,1.28,-1.95,0.07
0.81,0.72,1.92,-1.63,0.10
0.81,0.72,1.60,-1.10,-0.03
0.81,0.72,1.39,-0.65,0.14
0.80,0.72,1.49,-1.09,0.36
0.80,0.72,1.79,-1.03,0.36
0.80,0.72,1.61,-1.03,0.18
0.80,0.72,1.08,-1.71,-0.03
0.81,0.72,1.11,-2.48,0.15
0.81,0.72,1.31,-2.26,0.22
0.81,0.72,1.28,-1.42,0.11
0.81,0.72,1.39,-1.72,0.09
0.81,0.72,1.61,-1.78,0.12
0.81,0.72,1.64,-1.72,0.17
0.82,0.72,0.95,-2.40,0.34
0.82,0.72,0.82,-1.90,0.31
0.82,0.72,1.40,-1.31,0.18
0.82,0.72,1.60,-1.18,0.20
0.82,0.72,1.35,-1.19,0.19
0.82,0.72,1.29,-1.65,0.22
0.83,0.73,1.80,-2.24,0.27
0.83,0.72,1.24,-2.11,0.13
0.82,0.72,0.77,-1.49,0.09
0.82,0.72,0.72,-1.06,0.14
0.82,0.72,1.28,-0.93,0.07
0.82,0.72,1.83,-1.35,0.10
0.82,0.73,2.08,-1.01,0.10
0.81,0.73,2.12,-0.92,0.15
0.81,0.73,1.39,-1.52,0.21
0.82,0.73,1.38,-2.32,0.19
0.82,0.73,1.88,-2.10,0.14
0.82,0.73,1.90,-1.35,0.13
0.82,0.73,0.23,-1.52,0.04
0.82,0.72,-0.05,-1.80,0.15
0.82,0.72,1.74,-1.60,0.38
0.83,0.72,1.54,-1.98,0.24
0.83,0.72,1.05,-2.26,0.13
0.83,0.72,1.24,-1.90,0.09
0.83,0.72,0.90,-1.24,-0.10
0.83,0.71,0.60,-1.21,-0.03
0.83,0.71,1.27,-1.71,0.17
0.83,0.71,1.13,-1.91,0.12
0.83,0.71,0.46,-2.04,0.07
0.83,0.70,0.78,-1.69,0.07
0.83,0.71,1.79,-1.13,0.07
0.83,0.71,1.89,-1.05,0.15
0.83,0.71,1.04,-1.48,0.25
0.83,0.71,1.52,-1.16,0.04
0.83,0.71,1.55,-1.56,-0.09
0.82,0.71,1.37,-1.75,0.08
0.83,0.72,1.54,-1.84,0.05
0.83,0.71,1.41,-2.24,0.07
0.83,0.72,1.90,-1.79,0.18
0.83,0.72,1.91,-1.13,0.04
0.83,0.72,1.43,-0.60,-0.06
0.82,0.72,1.33,-1.02,0.03
0.82,0.72,1.23,-0.88,-0.15
0.82,0.72,1.29,-1.07,-0.06
0.82,0.72,1.30,-1.85,0.26
0.82,0.72,1.02,-2.01,0.26
0.82,0.72,1.01,-1.92,0.19
0.82,0.72,1.30,-1.27,0.18
0.82,0.72,1.01,-0.33,0.01
0.81,0.71,0.64,-0.54,-0.15
0.81,0.71,1.04,-1.47,0.02
0.82,0.71,0.95,-2.20,0.20
0.82,0.71,1.00,-2.37,0.28
0.82,0.71,1.43,-1.63,0.26
0.81,0.71,1.00,-0.46,0.00
0.81,0.70,1.05,-0.73,0.12
0.81,0.70,1.44,-1.97,0.37
0.81,0.70,0.86,-1.57,0.11
0.81,0.70,0.97,-1.08,-0.06
0.81,0.70,1.69,-1.24,0.00
0.81,0.71,1.69,-1.18,-0.06
0.81,0.71,1.66,-1.18,-0.01
0.80,0.71,1.74,-1.72,0.15
0.81,0.71,0.89,-1.91,0.13
0.81,0.70,0.85,-1.44,0.09
0.81,0.70,1.42,-1.17,0.13
0.80,0.71,1.77,-0.63,0.14
0.80,0.71,1.71,-1.03,0.19
0.80,0.71,1.59,-1.62,0.16
0.80,0.71,1.55,-1.05,-0.15
0.80,0.71,1.23,-1.36,-0.17
0.79,0.71,1.35,-1.59,-0.04
0.80,0.71,1.32,-1.37,0.14
0.80,0.71,1.24,-1.46,0.33
0.79,0.71,1.35,-1.29,0.19
0.80,0.71,0.76,-1.57,-0.11
0.80,0.70,0.24,-2.05,-1.23
0.80,0.70,0.85,-1.90,-1.04
0.81,0.70,1.01,-2.14,0.26
0.81,0.70,1.11,-1.84,0.34
0.80,0.70,1.60,-1.17,0.17
0.81,0.70,2.10,-1.56,0.18
0.80,0.70,2.09,-1.52,0.19
0.80,0.70,1.13,-1.23,0.07
0.80,0.70,0.38,-1.09,-1.05
0.80,0.69,0.41,-1.44,-0.99
0.80,0.69,1.18,-1.73,0.06
0.81,0.70,1.31,-1.91,-0.01
0.80,0.69,0.95,-1.66,-0.02
0.80,0.69,1.55,-0.96,0.07
0.80,0.70,2.40,-1.25,0.15
0.80,0.70,1.83,-1.64,0.07
0.80,0.70,1.05,-1.59,0.06
0.81,0.70,0.22,-2.11,0.12
0.81,0.69,0.39,-1.90,0.12
0.80,0.69,1.71,-1.00,0.06
0.80,0.70,2.17,-0.54,0.12
0.80,0.70,1.84,-1.13,0.17
0.80,0.70,1.46,-1.66,0.09
0.80,0.71,1.63,-1.79,0.11
0.80,0.71,1.52,-1.67,0.12
0.80,0.71,1.14,-1.30,0.11
0.80,0.71,0.99,-1.67,0.23
0.80,0.70,1.01,-2.01,0.21
0.80,0.70,1.05,-1.92,0.00
0.81,0.70,1.03,-1.38,-0.05
0.80,0.70,1.24,-1.22,-0.01
0.80,0.70,1.17,-1.56,0.05
0.80,0.69,0.40,-1.35,-0.00
0.80,0.69,1.14,-1.20,0.02
0.80,0.69,1.77,-1.71,0.17
0.81,0.69,0.86,-2.47,0.04
0.81,0.69,0.72,-2.37,0.08
0.81,0.69,1.36,-1.47,0.15
0.81,0.70,2.37,-0.94,0.26
0.81,0.70,2.54,-0.67,0.34
0.80,0.70,1.79,-1.21,0.14
0.80,0.71,2.20,-1.18,0.07
0.80,0.71,2.02,-1.02,0.14
0.80,0.71,1.09,-1.47,0.17
0.79,0.71,1.34,-0.68,0.10
0.79,0.71,1.64,-0.60,0.03
0.79,0.71,1.16,-1.42,0.07
0.80,0.71,0.59,-2.10,-0.02
0.80,0.71,1.04,-2.17,-0.06
0.80,0.71,1.54,-1.49,0.11
0.80,0.71,0.94,-1.80,0.28
0.80,0.70,0.81,-2.11,0.30
0.80,0.70,0.93,-1.73,0.10
0.81,0.70,0.48,-1.59,0.06
0.81,0.69,0.37,-1.76,0.07
0.80,0.69,1.08,-1.45,0.18
0.80,0.69,1.46,-0.98,0.11
0.80,0.69,1.00,-1.29,0.06
0.80,0.69,1.07,-1.37,0.17
0.81,0.69,1.50,-2.22,0.17
0.81,0.69,1.28,-2.50,0.26
0.81,0.69,1.00,-1.41,0.19
0.80,0.69,1.22,-0.53,0.12
0.80,0.69,1.36,-0.89,0.15
0.80,0.69,1.40,-1.86,0.22
0.81,0.69,1.05,-2.45,0.23
0.81,0.69,0.73,-2.46,0.25
0.81,0.68,1.01,-1.65,0.34
0.81,0.68,0.75,-1.84,0.28
0.81,0.68,0.86,-1.70,0.21
0.81,0.68,1.15,-1.61,0.07
0.82,0.68,0.99,-1.40,-0.19
0.81,0.68,1.39,-1.31,-0.11
0.81,0.68,1.31,-1.78,0.14
0.81,0.68,0.81,-0.92,0.11
0.81,0.67,0.99,-0.64,-0.01
0.81,0.67,1.00,-2.36,-0.12
0.82,0.67,1.39,-2.98,-0.04
0.82,0.68,1.91,-1.98,0.16
0.82,0.68,1.74,-1.24,0.23
0.82,0.68,0.99,-0.78,0.20
0.81,0.68,0.71,-0.99,0.11
0.81,0.67,1.14,-1.49,0.14
0.81,0.68,1.80,-1.37,0.22
0.81,0.68,1.55,-1.31,0.13
0.81,0.68,0.92,-1.62,0.08
0.82,0.68,1.38,-1.84,0.17
0.82,0.68,1.71,-1.35,0.22
0.81,0.68,1.63,-0.96,0.05
0.81,0.69,1.99,-1.71,0.05
0.82,0.69,1.82,-2.88,0.26
0.82,0.69,1.21,-2.50,0.21
0.83,0.69,1.75,-1.83,0.31
0.83,0.69,1.69,-2.08,0.40
0.83,0.69,0.99,-2.01,0.30
0.84,0.69,1.27,-2.37,0.15
0.84,0.69,1.70,-2.33,0.07
0.84,0.69,1.49,-1.80,0.14
0.85,0.70,1.32,-2.18,0.28
0.85,0.70,1.47,-2.06,0.29
0.85,0.70,1.42,-1.59,0.12
0.85,0.70,1.11,-2.00,0.11
0.85,0.70,1.14,-2.06,0.14
0.85,0.69,1.16,-1.59,0.14
0.85,0.69,0.80,-0.47,0.20
0.84,0.69,0.74,-0.56,0.15
0.84,0.69,1.13,-1.87,0.12
0.84,0.69,0.90,-1.76,0.02
0.84,0.68,0.78,-1.59,-0.14
0.84,0.68,1.15,-1.43,-0.03
0.85,0.68,0.89,-1.52,0.20
0.84,0.68,0.96,-1.80,0.28
0.84,0.68,1.30,-1.44,0.27
0.84,0.68,1.05,-1.18,-0.04
0.84,0.68,1.44,-0.93,-1.26
0.83,0.68,1.77,-1.26,-0.91
0.84,0.68,1.46,-1.38,0.25
0.83,0.68,1.36,-1.31,0.04
0.83,0.68,1.10,-1.69,0.07
0.83,0.69,1.88,-0.99,0.21
0.83,0.69,2.24,-0.50,-0.93
0.82,0.69,1.30,-1.28,-0.89
0.83,0.69,1.25,-2.33,0.46
0.83,0.69,1.60,-2.40,0.45
0.83,0.69,1.35,-1.62,0.13
0.84,0.70,1.85,-1.46,0.06
0.83,0.70,2.37,-1.35,0.24
0.83,0.70,2.21,-1.41,0.32
0.83,0.71,2.23,-1.65,0.29
0.83,0.71,1.79,-1.28,0.19
0.83,0.71,1.45,-1.20,0.16
0.83,0.71,1.30,-2.08,0.30
0.84,0.71,1.43,-2.17,0.43
0.84,0.72,1.67,-1.40,0.38
0.83,0.72,1.38,-1.11,0.20
0.83,0.72,1.34,-1.29,0.14
0.83,0.72,1.27,-1.67,0.06
0.83,0.72,1.38,-1.19,-0.10
0.83,0.72,1.35,-0.85,-0.01
0.82,0.71,0.88,-1.12,0.20
0.82,0.71,0.77,-0.84,0.35
0.82,0.71,0.86,-1.13,0.25
0.82,0.71,1.23,-1.52,-0.04
0.82,0.71,1.53,-1.80,0.07
0.82,0.71,1.21,-1.89,0.21
0.82,0.71,0.88,-1.58,0.16
0.82,0.70,0.78,-1.72,0.25
0.82,0.70,0.69,-1.87,0.15
0.82,0.70,1.07,-1.59,-0.07
0.83,0.70,1.74,-1.63,0.07
0.83,0.70,1.86,-1.57,0.21
0.82,0.70,1.38,-1.28,0.23
0.83,0.71,1.35,-2.27,0.31
0.83,0.71,1.69,-2.57,0.22
0.83,0.70,1.42,-1.81,0.05
0.84,0.71,1.77,-1.69,0.02
0.84,0.71,1.81,-1.81,0.20
0.84,0.71,1.39,-1.64,0.39
0.84,0.72,1.95,-1.73,0.36
0.84,0.72,2.38,-1.50,0.23
0.84,0.72,1.63,-1.46,0.19
0.85,0.72,1.24,-2.22,0.00
0.85,0.72,1.72,-1.89,0.07
0.85,0.72,1.51,-2.27,0.26
0.87,0.73,1.14,-3.18,0.35
0.87,0.72,1.57,-2.39,0.38
0.86,0.73,1.88,-1.28,0.10
0.87,0.73,1.11,-1.56,0.01
0.87,0.72,0.90,-2.14,0.10
0.86,0.72,1.24,-1.76,0.11
0.86,0.72,1.21,-1.10,0.07
0.86,0.72,1.83,-1.16,0.04
0.86,0.73,1.88,-1.57,0.09
0.86,0.73,1.16,-1.75,0.03
0.86,0.72,0.96,-1.91,0.14
0.86,0.72,0.84,-1.86,0.19
0.87,0.72,1.00,-2.88,0.25
0.88,0.72,1.56,-2.80,0.31
0.88,0.72,1.70,-1.73,0.09
0.88,0.72,1.54,-1.94,0.00
0.88,0.72,1.46,-1.91,0.11
0.89,0.72,1.36,-2.52,0.11
0.90,0.73,1.81,-2.93,0.25
0.90,0.73,1.66,-2.08,0.32
0.90,0.73,1.10,-1.57,-0.01
0.90,0.73,1.31,-1.93,-0.17
0.90,0.73,1.44,-2.22,0.03
0.90,0.73,1.56,-1.88,0.29